5237 6067
550 3191
3361 4506
319 4343
1287 2324
3934 5110
3774 4889
1719 2130
1693
218
3398 4417
2952 4773
1386 4295
297 1575
509 1486
365 4180
172 2179
741 822
2024 3386
2028 3513
720 2776
4664
392 1526 1926 2246 2575 3213 3912 4026 4044 5191
1271 4454
265 2994
3004 3298
2610 3127
3593 4287
886 3064
2190 2838 4655 4769
1203 2439
1977 3741
221 970
2319 3366
3050 5156
3300 3669
1096 1619
773 2318
1164 2690
2278 3413
371 4751
1694 4056
3158 3213
1419 3131
813 4063
2764
4117
2657 2963
2554 4591
3789 5186
1460 3171
2393 2978
2024 4042
1458 4703
1006 2524
123 1130
3826 4271
940
1645 2167
4529 5137
3235 3796
3007 4933
768 4120
1553 3779
1335 1654
226 1773
745 900 2836 3730 4151 4702
100 494 2641
3640 3778
2738 4018
2988
2279 2624
1611 3940
473 551 1363 1547
384 4534
3536 3860
1495 2606
560 2150
1937 5157
1996 2020
2838 2923
852 4014
2190 3024
1334 4392 4602 4864 5113
1064 5232
4051 4776
3261 5226
2887 4457
4932
297 2056 2216 2340 4020
2003 2288
2681 4353
986 1323
1277 2318
343 4639
1182 3436
131 1743 2509 2872 3344 3494 4780
877 1075 1562 1951 2495 3436 3889
589 4401
2671 4942
67 4286
808 3124
2318
2262 4430
641 764 1301 4999
2165 2760
642 4600
3699 4121
2056 2848
115 247
2730 4282
2178 2913
2381 4951
1243 3853
1156 4768
109
2742 3506
407 2164
1817 4125
3257 4362
514 3943
2705 3340
245 2391
55 4365
634 1553
517 3762
1892 3115
3388 4246
4134 4332
3793 4864
4019 4033
96 488 1495 1945 3163 3466 4345 5018 5095
183 1218
459 4143
2141 3019
1776
3184 4483
3511 4895
638 4820
197 979 980 1385 2790 4409 4655 5029
1956 3791
4086
876 1107
896 2850
827 3259
4076 4196
1533 3359
412 3625
4643
736 4180
668 1510
4993
383 1827
206 1260
300 3887
1072 2191
1748
1825 5046
333 4308
351 528
3238 3774
771 3915
883 956
1207 1797 2059 2339
912 1385
760 5108
2751
3346 4550
390 439
1620 4546
336 2725 3639
2597 3539
16 4995
2028 3034
474 1680
4592
474 597 804 1526 1700 1862 2749 2906 3311 3460 3859 4011 4841
1368 3370
2650 3794
3660 5163
433 924 4605
1576 3140
1555 4765
132 381 860 1053 1200 1526 1909 1936 2969 3354 4085 4240 4595 5140 5153
1291 4346
677 682
2209 4015
654 3436
330 1734
3639
3435 3893
3567 4039
2220 4241
2498 2770 2825 3060 3247 3372 3947 4554
2598 4923
1125 2646 2647 3263 3675 3996 4991
372 2979
139 885 1818 3123 4727 4918 5104
1526 4445
3503 4932
3155 4128
2155 2884
2110 5108
3562 4424
3249 4208
836 4297
153 1934
1293 1374
911 1896
2745 4373
2056 3477
4638 4966
1395 2786
257 592
2879 4655
1173 1521
556 5212
2475 4241
9 4318
1251 1395 3389 4360 4463 4992
2592 4885
32 2245
3318 4695
1515 2675
4691 4907
1245 1390
65 4170
337 3557
308 555
590 3105
2724
605 2318
1362 1427
2440 4328
326 1756
2075 3378
1969 4555
2615 2864
4836 5201
2224 2648
3266 3755
1557 3948
3580 5008
1757 2174
2099 2300
122 4948
1551 5170
109 2636
2655 4394
1365 3704
693 1646
1592 3863
2556 3742
1092 2422
2438
2069 3003
683 2316
213 787 913 1362 1833 2076 2827 3731 3991 4397
2152 3427
2149
2902 3670
1163 3009
1157 3766
2689 4856
1856 4683
24
4165 5184
1677 1939
1272 3887
1162 1813
880 2527
1585 2699
817 4328
1723 3614
2601 4577
450 1461 1820 4325
788 3714
1508
3006 5225
2625 5166
2641 5138
2952 4971
1378 1628
1497 1635
541 1075
909 1456
3699 4751
1988
665 3963
631 3771
1660 2977
3352 4071
3409 5117
2493 2627
1823 2301
452 1989
4292 4864
13 89 3418 3575
3013 4469
401 2333
154 333 1731 2078 2100 2190 3329 3347 4101 4434 4597
451 3306
2789 2826
1246 2047
498 1365
561 1296 2075 3445 3923
2267 4689
2622 4891
228 2938
1480 5216
1453 3547
1731 2908
1562 4079
361 5162
3092 3828
3023 5106
1267 3646
949 3851
653 4315
3 5087
697 3370 3455 4539
2937 4028
4068 5103
540 4355
3217 3746
530 784
234 440 1099
2577 4358
1657 1900
2423 4811
188 4036
482 1682
651 4269
158 300
1536 2812
440 4580
170 4102
227 3154
2680 3202
2425 3571
2159 2660
1111 2401
898 1731
94 358 429 1829 4627 5193
2314 4645
3132 4899
379 3205
2446 3576
1864 4139
4666 5206
3864 4409
159 3763
2092 5043
2419 4474
1989
673 4362
1460
506 1868
343 2449
2362 2520
697 1568
313 2367
1451 1509
1778 4119
3605 4324
15 4747
1784 4053
494 2997
604 3614
468 1960
624
40 1355
196 2424 2694 2779 3260 3597 3685 3880 4427
455 3106
4414 4852
432 1478
1781 2209
4677 5173
3751 4743
346 3776
3720
183 770
2531 3678
152 2677
74 4613
826 2937
2852 5142
3403
954 2691
2424 4659
168 2605
1551 4599
22 460 2238
4869 4995
1537 2126
1124
4482 4607
490 4020 4067
1597 4326
517 3581
3227 3355
299 1346 2163 3673 4191 4257 4283
4943
3223 4658
985 2231
1459 1660
445 5080
117 2164 3679 5205
559 4675
1460 2735
4916
4145 5069
147 1261 4863
733 3832
4212 4531
540 1818
1056 4589
4731 4897
2460 3086
1230 1343
3179 4905
1367 4718
2476 3077
3074 3763
2437 3165
3461 3711
2526 3178
1525 4325
1014 1643 3591 4791
343 712
1342 4416
701 1750 3668
375 1110
180
4070 4129
1174 3948
3438 4618
474 4402
2135 4156
168 1344
326 335 581 1379 1596 1609 2277 4396 5150
1478 1819
960 1542
2352 3839
1927 5124
406 775
3569 4933
1240 1497
1247 4443
3436 4777
275 609
301 1759
295 2272
2281 3135
1054 3196
373 4582
3924 4402
2022 3449
2990 3315
133 3736
392 2182
502 1205
2166 4281
1954 4452
5044 5184
649 2845
1736 2382
630 1924
369 1872
3152 4884
1659 3263
2997 3420
3267 3360
73 4935
174 176 437 668 1367 1700 2056 2132 2154 2188 3782 5156
1387 2555
2940
737 3512
2976 4618
4660 4754
2133 2240
2000 3996
331 3183
3689 3933
2053 3586
1315 1717
1068 4296
3365 4827
131 4510
922 3776
397 4431
4425
599 1132
3890 4882
67 367 3649 4680 5138
2868 3435
3527 4775
724 1157 3766 4405
304 4093
1300 1752
2530 2657 2834
1606 1818 3123
461
2298 2901
3312 4562
2771 3675
357 1811
1159 5077
2441 2752
14 3005
1495 4561
2936 3479
2299 4621
655 4198
120 1557 3752 4564
2670 3594
4154 4179
125 399
712 943
858 2817
1320 1987
2867 3261
1084 2450
631 4617
3510 5209
841 4406
2676 3613
4771 4808
159 3894
3484
325 1847
1816 4139
1833 5158
2083 3933
1186 5105
1455 2203
2060 2331 2424 2847 4138 4227 5136
705 2734
4861 5210
3652 4186
323 415 1818 2974 3347 3500 3659 3783
284 1699
3436 3507
2490 2877
4584 4970
2812 5196
557 3894
2592 2890
3539 3926
1025 1806
1 2878 3980 4088 4650 5044 5184 5235
73 816 1006 2340
2827 3566
1407 2519
1053 4583
228 1872 4662
216 4079
546 3701
4048 4051
408 1916 2113 2123 3417
77 1213
305 4995
1913 2318
1067 2855
1971 4901
3565 4349
3277 4922
1998 5198
2720 3369
4154 4218
2403 4655
4346 4788
2966 4158
1500 1883
4148 4728
1370 5072
2716 3510
3011 3635
2207 3296
2926
1343 1633 3198 4346
440 5215
3651 4394
3144 4587
1511 4367
1669 2862
4410 4893
2340 4431
1491 4833
98 632 2075 3445 3734
229 4449
1152 5096
213
686 3774
1218 1982
1377 3592
1434 2041
176 1340
3371 3474
492 3200
1070 1802 2164 2907 3266 3301 4738 4849
781 2463
3824 4630
2282 4277
368 5038
231 3216
1823 5006
2226 3661
1072 3106
450 3062
2785
2797 3437
661 678
1731 3965
2650 4459
1652 3008
946 2086
748 2055 3907 4223
1286 1995 2442 2450 3408
945
4304 5026
4952
3984 4974
3745 4199
370 4000
945 3035
1270 1275 2845
2273 2505
833 1125
4051 4126
467 2461
289 523
589 5078
2070 2387
124 4488
2018 4368
641 2824
3121
138 3590
1432 1941
916 1631
104 636
106 1362
2626 4366
2017 3192
837 1041
4319 4876
1903 2143
3323 4420
465 4734
2604 4746
332 2506
3116 4940
318 2225
187 1429
513 2497
2801 3210
2859 4979
687 1141 2582 2787
2143 2708
862 4610
612 678 1306 2452 4241 4999
3767 5093
840 1636
1904 5229
288 2228
1965 5089
3082 4613
150 474 1475 3634 4142 5192
1313 4418
1248 5197
871 1957
1087 2501
355 877 1646 1799 2569 2822 3302 3426 3550 4362 4613 5047
3084 3346
4169 4929
3374 4382
185 2258
612 661 1075 1854 2124 2139 2992 4241 5035
3058 5119
977 1009
3544
185 775 1136 1519 1873 2146 2318 2876 4005
256 954
1526 1805
2709 4604
593 905 4149
658
939 3352 4360 4463 4694
1906 2736
1148 1539
2609 4184
807 3790
250 3164
1216 2914
2152 4750
1560 2283
320 360 1036 1225 2854 3261 3370 4970
1633 4788
1504 1728
1112 1968 2320 3141 3376 4511
431 1255 2657
2597 3635
824 889
3191
537 2180
3727 4599
1139 1501
2038 3077
3102 3638
994 2125
1959 3039
429 518
4462
2296 2431
2900
4293 4528
1169 4173
743 1537
2047 4965
20 4357
1525 1801 2003 3419
763 2686
1228 3426
497 818 901 1115 1385 2790 2803 3602 3774 3778 3852 4175
1292 2318
2834 5058
1413 4170
1066 1552
1697 4515
1505 2546
2678 2728
2154 4891
413 4272
918 4491
1349 1583 1797 5141
149 4180
477 3509
1438 3957
1051 1506
1224 2119
17 1603
3275 4247
718 4526
1460 2466 4420
66 2198
2852 4399
3483 5054
617 3705
1546 1786 1931 2124 2325 4473
3606 4925
1095 3624
1129 2992
1122 1168
3094 4991
2743 4934
3902 4438
2354 2542
2630 3763
2173 2277
165 2410
3195 4629
2193 2455
722 997
104 1213 2905
2586 3048
2545 4514
1855 3866
62 4298 4574
888 3918
381 2037
161 4866
1332 5097
37 4646
868 1857
445 682
3492 5180
4269 5224
1191 3093
1656 4056
1758 2000
601 2948
3796 4219
3141 4865
325 4472
3140 3401
2417 3118
257 2374
276 1026
3128 4297
3962
2002 2096
4815 5089
1513
1416 3819
1275 4801
3169 4990
862 4259
2806 4699
2607 5065
2103 2421
1526
2194 3001
1674 3692
176 1100
1886 4066
3797 4449
692 1032
101 3637
4222 4483
2424 3511
3174 4932
3589 4670
44 1630
1405 4565
4989 5167
551 2757
272 1465
724 1087 1115 2047 2407
1573 3810
1413
3183 3979
17 3831
2180 2582
703 2782
1693 3060 4640
385 5083
144 2468
1091 2086
2208 4898
1488 2266
1573 1975
4064 5075
628 1893
3818 4904
1002 1310
205 4297
645 4888
3472
3576 3615
663 4984
525
1343 1730
992 1047
1263 3788
3973
1273 2847
2928 4544
4084 4914
1922 2201
2223 3438
3081 3457
81 1097 1246 2047 3859
2457 3700
1954 3926
1510 4294
2977 3454
1158 2067
519 3834
2199 4386
183 1257
2084 4605
660 797
2094 2107
2249 3196
4511
1437 4056
1744 4598
774 2286
2014 4739
1921 2666 4534 4613
671 1137 1826 3110 3650 4215
1159 3530
2618 4599
2797 3785
4115 4437
142 1679
97 673 1315 1349 3426 3436 3758 4498 4613 5029
4513 4932
1865 3401
270 5080
2968 3661
1096 3598
162 2707
923 1846
197 3888
28 3910
1829
769 4487
703 1414
3065
1676 5149
1082 3101
2331 4227
1219 2723 2885 3474 3626 4385 4497 4784
4491 4877
143 4057
4050 4058
342 3772
4242 4719
66 2289 2315 2689 4702 5200
724
1461 1820
2694 3219
2401 2906
686 1050
4411 5099
2005 3436
1796 2717
285 1526 2493
2279 2760
208 2529
164 3025
257 928
2687 4415
4552 4837
640 1753
1495 1639 1720 4006 4073
734 4072
1043 5147
2153 3405
1069 1852
489 4144
884 3815
180 1389 2084 2811 3605 4324 4791
2829 4933
2572 3467
1043 1133
913 1533
3443 4010
3033 5024
3899 4104
3118 3268
3129 3597
1046 2479
1901 2236
2511 4180
3267 3472
3377 4737
688 3352 3653
57 3458
1783 2318 2621 2687 2842 3195 3427 3809 3828
3245 5073
518 4156
2359 4750
619 625
616 2658
1749 2904
4189 4425
317 3470
2466 2479
1037 2592
2236 3130
4340
388 683 959 1023 1089 1895 2010 2068 2069 2334 2404 2520 2926 3534 3725 3821 4857
1362 2535
162 2629 2981
1108 1279 1507 5053
3829 3965
954 1039
442 1884 3272 3493
1162 2795
3974 4140
3763 4698
1732 2002
3487 3539
1229 4973
4592 4800
1126 3033
1515 3666
32 3733
1580 5128
2403 4906
2718 4033
2507 3721
1055 2669
1666 2890
680 1640
1113 3062
139 1231
139 2068
1850 3009
4513 4836
1669 2400 3266 4486
4621
404 3821
92 1524
2941 3100
1138 1271 1313 2856 2959 3331 3470
1118 4792
3141 5182
2587 2908
843 1484
1444 2785
710 1660
2953 3436
1352 1574
763 2752
1446 2617
2053 4731
1268 1714 2881
1788 5064
835 3773
1686 3222
4114 5132
2773 4441
54 551 1034 1343 1425 2003 2241 4409 5021
1324 2091
2748 5154
680 4599
3469 3895
1566 1797
4084 4180
1749 3314
428 1022
2753
3134 4920
1378 1496
3145 3945
2203 4660
1980 4789
3759 4809
1014 3088
954 4823
2190 4246
549 3204
788 2899
1328
2315 3246
3035 3353
1243 4375
2738
807 4826
1625 3813
1006 3044
1283 4283
697 1149 1364 1498 1829 3035 3261 4135 4392 4703 4770 4864
951 3955
1288 3577
959 2648
2155 4543
645 2880
3431 4608
919 927
1599 3763
3822
934 3545
843 3730
1303 4453
1400 3356
905 1278
739 2372
1276 2014 2109 2972 3986
183 554
454
975 1526
416 5190
2286 3867
3664 4061
1821 4877
1276 3160
1116 1930
1523 1730
1177 1200
84
2762 4406
728 1199
563 3513
486 3337
921 1607
600 2759 3554
3914 4913
155 608
2227 3563
1749 2579
97 284 678 1124 2002 2012 2993 4562
1125 4262
3316 5108
1841 1859
1436 3335
3866 4025
1295 1553
892 2284
2335 4403
522 2489
2184 5237
1780 2571
672 818 2412 5154
2424 2553
954 3900
1654 1853 1872 4478 4484 4904
828 3130
253 2118 4297
3584 4890
2461
751 1261 1590 1736 2056 2279 4429
36 882
852 4787
2448
326 1501
804 3390
2016 4067
1447 5028
1738 4727
1321 4748
2153 2190
1224 4723
142 1175
957 1589
1362 2789
432 3200
341 3253
700 4374
978 3085
2584 3305
724 818 1391
1061 1690
2213
989 5132
1651 3230
3817 4804
1787 3051
753 3493
4198 4864
395 1075 1355 1361 2012 4562
195 628 1076 1553 2645 2920
968 1808
2118
1451 3491
752 1534
55 1360
1541 1769
492 1307
927 3362
1612 2330
3297 4933
682 2973
871 1261 1736 2130 4215
988 1880
707 2662
2458 2488 2503 3080
658 1477 1513 2264 2582 2954 3080 3440 3707
1269 2649
3079 5011
2531 4549
2731 5085
4384 4563
1384 3433
690 1531
1036 4701
1250 3583
1920 4242 4675
591 2544
3495 4130
1793 2271
2741 2919
114 2104
262 497
857 3399
507 872
1991 2433
1507 4388
269 961
261 5184
38 4949
1517 3706
3159 3626
1605 2971
753 5098
717 3953
1357 5092
3956 4664
2902 3800
215 1317
435 1671
1107 1870
4215 4764
1063 3687
1861 3327
3551 4704
3041 3242
1663 4191
95 3381
1534 3523
3033 3177
3133 3166
534 2945
1951 3570
1616 3979 4001 4390 4409 4419 4565
3898 5034
2764 3839
778 3518
2665 4818
2856 5037
2386 4140
1755 2674
2576 3814
1264 1906 2348 2895 3217 3479 4651
1381 2033
1066 1540
183 1063
1838 2444
3217 4885
30 2385
2767 3938
461 4574
2523 3088
163
1968 2274
2340 4683
4274
3631 4835
1512 2284
560 764
4356 5187
2170 4501
694 2018
1266 2968
132 594
894 1441
2808 3296
2198 3209
4601 4974
2677 3657
740 1106
697 1274
3216
1609 2910
723 3954
966 1557 1741 1890 3040
419 3678
979 2068
3992 4194
4533 4821
1304 3744
1248 1511
3043 4047
1389 4713
1903 4178
1716 3693
447 1532
3186 4842
4972
113 1030 1561 3472 3539 4343
3850
225 5132
303 852
448 2450
670 1235
1304 2687
1150 2774
219
1739 5155
1309 3160
1578 2429
701
1621 1870
860 4323
3915 4606
1532 4484
153 4554
412 1095 1137 2063 4429 5030
3994 4091
844 3622
1197 4062
3790 4561
1217 3287
316 5176
1000 2656
1142 2435
626 2011
23 988
268 2215
846 4433
1225 1568
626 795 1410 4695
1052 1060 1456
93 3877
1050 2576
957 2175 2256 2701 4537
2914 3432
2454 3489
1597 3550
1035 3488
3402 5116
3778 4690
618 2514
4 3321
1038 2002
2134 4539
3240 4292
184 2127
725 4002
207 3373
2311 3679
1081 4467
305 2874
1367 1474
1492 5136
4454 5136
499 3028
104 2819
2983 4588
1048
1234 1249 1493 1554 2733 3478
1649 3456
661 4241
1132 4360 4499 5000
1367 1992 2244 4946
1253 1874
835 4851
1448 2079
2060 3620
669 988
3387 4471
485 877 1349 2234 4403 4408 5101
2406
1173 3823
3526 4353
2292 3122
520 3941
1104 2017
3060 4505
92 4132
1007 4592
2992 4685
1418 2123
1879 4482
1027 4496
1638 5164
2713 4705
1526 2491 2944 4998
772 4742
1912
83 3261
64 2114
3531 4599
1911 2824
1415 3788
2354 4994
597 1985
4352 4541
430 4051
419 580 842 1006 1787 1866 3198 4346 4516 4705 5042
439 1766
4108 5108
401 4232
2351 2425
3199 3942
735 877 1315 1890 2383 2888 2992 3078 3630 3691 4904
4849 5052
1499 2175
996 2177
1678 2264
2592 2650 3190 4017 4976
371 1124 1737 4268 4298 4594
2783 4098
1170 2165 5092
1841 2554
3715 5108
1130 3543
1124 3020
232 257 642 955 1109 1664 1833 2917 3042 4730 5084
73 2099 4409
1036 1629
249 304
1488 3000 3808 4404 5040
421 474 1297 1308 1475 1992 2039 2056 2244 3148
177 2186
2516 4279
575 4772
3586 4579
2411 4033
4270 5224
207 1897
1618 3180
1753 2667
595 1514 1624 2989 3539 4541 4932 5082 5128
282 1017
440 1655
3564 4774
1198 4783
2696 2931 4253 4423 4667
1553 1790
1147 4050
139 164 724 1760 2128 2344 2423 3033 3255 3266 3347 4655 4884 5029
12
475 1860
1503 4340
924 1237 1804 4568
225 2440
1115 4210
2407 3138
2056 2356 3280 3407 4988
1476 1986
212 219
1809 2106 3391 4954 5127
1462 4615
3852
3775 4179
1049 1594
3319 3686
2193 5134
2089 2726
2007 3931
814 4909
3429 4441
553 4492
3817 3903
1925 2102
1275 3399 4749
1909 4951
2387
727 820 1542 1627 3599 3770
889 4631
1338 3013
794 4012
5033
1326 3471
43 3161
1962 5214
2402 3452
2712 3873
1652 4779
2612 2714
1006
2533 5186
232
1802 3394
654 4194
4423 4927
3485 4939
639
2313 3525
596 2440
3946 4620
1079 3412
866 3615
738 2481
1803 5179
1530 4975
1219 1978
3427 3910
3295 4627
993 3941
2478
998 4125
1102 2222
1311 2611
2287 3267
4637 4862
362 1128
1638 5027
310 2077
1656 2584
535 5222
285 1276 3643 3797
1991 4302
53 5144
405 3579
50 356 409 744 1749 2363 2369 2466 3045 4420 5122
275 902
1397 2217
3045
1891 5209
817 4271
1663 4060
1888 4634
3855 4982
2367 3188
1755 4932
4833 5070
3034 3393
2256 3084
1297 3481
668 1367 1849 4903
1394 3325
1141 2734
375 441
2138 2767
309 2720
4270 4346
1736
3450 4579
992 2725
2785 3925
14 1970
2828 3977
830 1366
3475 5218
2174
588 4399
1298 4387
1304 3472 5020
2888 3224
76 131 510 917 1572 2156 2606 2628 3672 5172
1017 5065
283 447
1036 4586
1351 4453
573 2798
707 1099
2344 3786
1388 2128
699 3003
730 3501
739 4703
957 1161 5053
277 4959
362 2835
150 855
584 1235 2472 2650 3217 3794 3970 4319 4686 4733 4831 4996
1212 3304
793 1141
1377 1901 2658 3011
223 969
1880 2453
1165
2728 4239
682 1784
1825 3561
215 2013
4525 5163
1062 4879
986 4117
427 721
22 176 183 198 684 801 909 1055 1331 1615 1713 1778 1858 1918 2077 2237 3512 3516 3594 4240 4284 4557 4664 4837
3406 4743
3360 5005
3705 5146
1440 2098
1148 3875
1240 1259
146 928
1129 1183
3201 4122
334 3137
394 718
4073 4127
690 3159
1199 2364
1131 2535
442 1413 1773 4666
3075 5055
3302 4560
1763 4256
749 4293
73 5196
2242 3250
3301 4846
2335 3613
246 391
728 5227
63 124 1081 1125 1383 2211 3361 3789 4083 4229 4465 5162
1304 4558
182 4799
2820 4032
241 514 1229 3648 3919
3560 4720
2706 3924
696 3381
1243 4609
97 312
1728 5024
3612 4052
2589 2886
1011 2871
2698 2877
360 1274
2271 3680
2309 3463
1701 2699 3944
1495 5018
819 831
996 3992
13 2081
181 1814
2096 3936
1254 4264
4024 4497
971 1932
3911 4876
1832 5236
735 4166
2955 3344
271 3667
2389 2921
3660 5159
2506 3717
1108 3927
1095 2205 2279 2620 4429
3425 4892
251 1595
2882
1400 2450
1592 2732
440 4917
398 1282
1878 3254
1044 3561
2767 2831
2585 3194
3231 3326
741 4842
2268 4540
1167 3996
501 1818 4377
1069 5114
3215 4494
440 1227
3370 4844
72 3451
1134 2112
4873 4962
3037 3263
1526 3156
1188 2942
4586
1375 2623
36 2318
169 2501
1256 3342
2172 3436
2256 2571
1377 4069
1033 2968
2263 2779
1413 2290
282 3094
1364 4500
813 4892
640 2472
1962 3959
580 698
1828 4392
283 5213
663 5029
3363 3433
1329 1452 2064 2342 2466 3529 3563 3601 4099 4368 4529 4592 4703
917 3538
977 3670
2078
3674 4839
428 2815 2845 4902
3956
58 3636
250 673
2129 2872
3168 3870
1305 1833
4032 5029
1119 1928
615 1423
2551 3652
64 1090
1379 1885
779 1454
328 2593
4661 4712
470 4673
290 405 994 1736 1871 2801 3917 3966
3119 4174
4284 4583
1181 1466
1362 3089
4195 5136
976 2328
3110 4958
1976 4692
585 983
2307 4042
1174 3040
4171 5169
4487 4498
803 1725
3169 3439
891
267 4305
1353 2808
876 1736
174 2706
4312 5030
331 4306
2676 4194
3350 3778
1854 2326
1003 2019
3896 5108
1893 3428
4838 5202
1116 3375 3437 4523 4574 4763
4872
2500 4028
8 825
41 3248
4493
3421 4176
729
3477 5132
541 1781
176 474 2317 2555 3349 3861 4668
1571 4322
3070 4759
2138 2464
4616 4735
3294 4183
2772 4609
4184 5166
2688 4381
1852 2532
3030 3808
2208 3581
3535 3943
1526 5152
1000 1833
1916 3111
1239 3638
485 4192
2504 4665
7 2870
917 1889
2800 3893
2891 4443
273
4069 4967
1674 3034
2538 5020
2348 3049
699 1563
1872 2945
842 1062
300 311 342 613 2074 2217 2587 2601 2777 2841 3141 3729 4655 4674 4870 5009
964 2169
4530 4779
188 2852
1848 2056
466 1095 1137 1482 1660 1679 2032 2087 2700 2873 3002 3217 3684 3694 4158
1355 5231
1103 1818
1252 2815
4361 4680
1229 4762
2488 3222
96 3790
867 3891
2043 2558
2440 4351
2149 3246
156 3120
947 1013 1074 1460 2798 3045 3314 3529
431
1936 2704
499 2473
916 1376
2769 4395
1195 1470
234 3243
243 2985
780 3587
451 3229
1385 2626
3517 5039
1782 1828
1545 2026 2532 2847 3408 4433 4805 4888
2500 4296
4133 5158
1344 4548
1944 3555
5114
1131 5144
2103 4180
3718 4644
3835 4922
65 1542
2762
1943 3236
135 2124
2943 3236
363 1526 3508
2843 4326
1086 1798
376 1699
1762 3035
941 3559
366 1519
3149
749 4989
1121 1343
1001 3364
2202 2960
1383 5221
1988 2488
1896 2992
1154
3466 4845
4015 4538
908 4957
163 735 1011 2805 4054
1780 4331
673 3469 4357 4937
4522 5184
721 5125
600 1428
1439 2459
1389
684 4737
549 3935
2412 4327
1126 2334
1396 3629
5017 5076
506 3031
4130 4409
269 4789
1576 2978
2150 4235
531 3650
118 2511
197 415 501 540 1606 1738 2758
441 3066 4819 4992
275 902
1059 5216
1887 5120
294 606
3856 4706
157 1520
871 1864
152 5071
1634 1762
343 887 1036 2135 2270 2499 3370 3694 4051 4379 4508 4526
4120 4268
2041 3055
1582 2321
257 532 1362 1649 1714 3070 3652 3689 4040 4703 5129
2607 3263
2318 2915
2488 2588
2761
1201 2875
2529 2993
3291 5180
1078 1358
4275 5048
3206 4912
3507 4678
1953 4023
884 2528
530 4617
1735 5132
1475 4900
981 4961
2122 3637
921 1709
1090 4809
678 1685
767 4229
264 2682
774 2635
1526 2610
1078 2842
1387 2023
1178 3855
176 2418 2749
3780 4424
348 1826
879 2978 3827
1343 2259
3109 4937
357 3135
1961 3171
1175 1256
1660 2599
468 555 1090 1729 4484 4498 4662 4955
682 3367
1309
4844 4969
2456 2472
3741 4998
1598 2781
1327
1138 1516
2497 4056
3707
573 4736
960 2485 3153 4493
1655 2206
805 2254
1822 3572
1467 4875
1720 2861
1229 1349 2558 2888 5199
1464 2950
126 4533
833 1688
2794 4860
954 2320
208 1792
1374 3460
4354 4625
2417 4861
328 5095
935 1514
3333 4261
647 1238
664 3641
4509 5059
689 1197
3641 4905
2852 4687
183 1411
3192 4731
1337 4528
1333 3127
562 4008
4409
2534 4846
559 1715 2123
3799 4524
1526
3432 5126
1151 3417
870 5222
849 2965
1967 2375 2785 3796 4145 4254 4703 4934 5138
467 4512
1409 3450
22 3185
444 3623
1651 3723
3114 3652
1061 3147
749 3785
1580 4437
2413 4507
206 2832
2106 3879
183 1751
78 3267
4051 4578
267 2035 2175 4321 5188
3858 4781
639 3989
3145 4662
1775 2356
1767 3467
131 3494
3531 3755
2482 5189
3872 4597
3052 3114
2546 2888
97 1187
3139 3331
1845 3339
463 854
3150 3553
140 3841 4651
671 5117
4042 4080
711 2728
369 4955
1869 4420
1420 1632
2221 4859
2494 5108
666 2736
3536 4655
1923 3348
700 1208
236 4620
1486 4932
564 2072 2450 2489 2976 3021 3286 3408 3881 4929
3065
3034 3841
3682 4021
831 3141
1668 2842
31 2944
1441 3651
2574 2823
1020 2573
3212 3498
594 4552
3027 3791
4485 4498
1340 2721
1394 2500
520 5083
287 1791
295 354 2056 2672 2767 3055 3379 4100 4185
3391 4033
1160 1457
1308 1367 3481
4715 5108
3734 4347
618 5198
79 2963
4881
567 3282
3125 3379
481 780
2434 3285
791 964 1075 1288 2416 3120 3423 3436 4267 4572 4779 4952
90 721 1006 2056 2505 2884 3694 3883 4409 4429
3014 4317
907 3936
2249 3883
1404 3545
2303 2642
2791 3782
954 3416 5100
1270 2967
1075 1124 2513 2905
1521 4776
869 1052 5050
4538 4999
1101 4020
644 1321 2050 3811
635 1216
1686 2301
79
2239 3815
457 4451
1860 4827
18 52
2913 4692
1763 2095
2995
19 173
3884 4731
2562 2841
3199 3846
1736 4036
1198 2361
2762 3035
1939 2175
3698
770 3156
708 3226
1367 3706
3122 4817
596 1831
2431 3532
1745 5131
4869
2509 5018
2247 4051
303 719 818 852 2412 3859 4327
2399 4184
4383 4602
2017 2903
3039 3938
3174 3447
484 999
2459 2662
617 3695 3907 4619 4745
89 108 210 474 1095 1367 1393 1735 1989 2003 2073 2272 2371 2440 2767 2917 3263 3414 3539 4041 4649 4791 4792 4866 5220
2223 3099 4489 4702 4908 4980
3663 4870
163 4945
536 1312
2486 4261
2182 5191
1261 3110 5086
1638 3097
2256 4297
3071 4216
857 4801
954 980 1231 2274 2320 2428 4444 4653
255 954
633 4741
3633 4553
1971 3505
2056 3073
1731 3824
235 305 589 2297 3550 3953 4533 4995
257 4502
1453 1526
300 1641
1311 2620
2214 2986
1575 2766
3303 4312
533 2959
861 924
4043 4676
616 828
1736 3533
4450 4571
1403 2302
2615 4557
1007 5026
352 2574
4696 5002
863 4724
2026 3194
791 1577
2212 3358
1530 3268
244 1363
300 3347
3606 5229
1409 5127
800 1770
1156 2583
2232 4131
1396 1935
863 2136 2722 4791
4251
1052 2276
202 3340
2269 4203
1612 4161
559 4648
1335 3959
3395
4370 4596
4456
1092 1127
740 5035
2491 3207 4643
2289 4536
1851 4071
559 1326 1916 4648
678 749 1776 4241 4574 4989 5174
710 3421
394 4369
1291 2332
1385 1503 2183
1647 3015
7 1137 4215
5109
474 2338
480 2328
1289 4059
438 1829
2107 2358
3925
1479 1703
678
4146 4688
134 4194
4047 4848
647 659
5131 5217
2185 3025
682 4174
2487 3519
4301 4460
259 1747
77 1815
2452 2634
258 695
920 1105
474 732
201 1040
1495 4127
2504 5066
2424 3773
340 4426
3935 4077
3506 5155
3732 4641
401 4806
117 407 600 2637 3266 3554 3679 4738 5001
105 1357 3221
462 4613
58 4499
2449 3571
1732 3976
1215 4738
2879 3725
1622 3096
759 4396
243 1490
1279 1351 1939 2035 4275 4409
2833
1352 3436
111 2842
16 2874
705 823
2423 3121
460 2062
2128
1085 4738
2145 4329
1368 3862
2791
474 2338
4003 4694
29 82 300 1024 1105 3502 4043 4308 4655
155 5133
2940 5153
762 1402
802 2711
2474 3801
2946 4985
3627 4962
745 1221
859 4731
3059 3793
849 4149
1789 3961
535 1019
2267
1590 4858
1885
578 3440
829 1711 2508 2594 2606 4090
186 376
3716 4559
1553 2849
2097 5084
1117 4601
2080 3217
1272 5171
89 3728
1462 1731
3766
4056
192
1963 3754 4244 4589 4601 4916 5043
1447 4409
850 2057 2450 3072 3740
239 4503
653 2465
607 3193
1073 4987
665 3263
2557 2715
4281 4613
404 3803
2105 4854
3844
1315 2460
4194 5135
935 952
1526
392 4664
2021 4371
480 3217
1006 3402
1548 4301
2722 4880
1308 1367
221 2758
22
2046 3220
3496 4925
864 2006
3166 5161
2968 4257
2823 3042
2813 4323
1886 4385
2893 4384
1279 1473 1623 2065 2548 2657 3132 4297 4331 4878
3677 4339
677 3537
1866
2892 3144
3535
103 3000
1626 3334
1141 1353 3080 3654 3838 4155
2675 4021
830 3805
306 2204
1604 2561 3679 4574 5033
2111 3261
1829 2756
1154 1569
452 2056
627 4114
1208 2068
3652
2109 2898
440 759
39 4988
71 910 1095 1590 2413 3392 4804 5177
3944
453 2696
603 3187
696 4194
1082 1212
2679 4707
868 1057
1449 2560
90 2327
900 2121
1627 3770
2574 4396
1319
3517 3641
3738 4590
4279 4300
714 2992
2075 2636
503 4459
512 4932
244 3937
294 2019
2089 4253
2008 2376
2750 4190
3004 3881
2825 3600
1670 4984
3765
1570 2819
2566 3691
1294 4587
2332 4146
1433 5108
344 3035
900 1028
256 4569
1700 2555 3038 4697 5021
37 93 102 231 562 682 725 941 1619 1835 2494 3151 3169 3274 3299 3539 3542 4423
33 4717
700 1895 2068 2840 3632 3681 3829 3886 4569
1832 3274
2568 2596
3540 5017
4 4930
749 3484
1685 2419
2288 4372
1666 2133
3209 3982
1134 3181
536 893
2127 2312
299 3975
954 1808
1083 1550
2897 4303
3279 4374
2132 2188
163 4054
89 551 587 1209 4409
3090 4577
1638 4757
3224 3726
1385 1502
3630 5109
2683 3410
3005 3395
1197 1727
3354 4936
3718 5121
1347 3239
443 2682
4236 4594
757 1339
3087 3946
1393 1943 2728 3197
2438 3652
2136 3521
944 4766
4992
2033 3746
359 2483
1460 5075
1540 3416
2927 3257
4713 4765 5184
361 1469
2970 3886
1460 2737
2747 4027
2056 5008
1051 3652
3916 4420
787 3229
1923 2468
2303 3386
3491
3473 4706
4135 4760
4489
112 2864
466
1349 3335
2990 4153
1203 4252
1194 4925
633 1412 2579
2720 3876
1586 3108
3901 4667
122 4137
5140
51 3352
3485 4724
2922 3043
3825 4960
3439 4752
4455 5175
2048 5225
983 4793
341 904
1421 4485
570 972
954 5110
2631 4277
1316 4080
818 1392
4575 4864
3708 4066
760 2761
1372 4834
1087 1807 2047 4546
1933 2279
4422
3125 4314
2002 4915
786 1899
1862 2443
353 2326
4046 4118
800 3890
253 4525
329 1385 2181 3026 3152 3860 4111 4699
372 389 536 810 1088 2158 2731 3205 3652 4211 5136
339 1347
3028 4733
3922 4480
2068 3441
1254 4051
2754 4500
714 2042
2434 3338
1160 3436
2001 2432
1269 2811 2960
2935 3113
424
254 2357
30 3066
233 1390 1434 1746 2056 2536 5012 5013
508 3034
618 4959
2418 3868
1201 4710
3850 4516
347 4556
4014 4965
1098 2773
358 2168
522 618 1247 1594 1971 2223 2514 2631 3298 3617 4172 4183 4978 5004 5062
2603 2802
661 2151
1516 3696
1281 4165
762 3472
1876 4996
853 3103
1140
1803 2054
418 2234
630 1094
4521 4726
601 2948
1703 2678
2225 3400
744 950 1460 1638 3856 5076
2888 3969
827 2375
3241 3448
4090 4898
3462 4573
1511 1631 1876 2629 2922 3761 4125
1752 4686
2195
217 4358
422 3141
5211
1445 4247
934 950
3123 5219
1438 5141
1947 4094
2362 3033
3921 4081
1884 4883
2061 4663
2147 2964
1140 1742 1791 1836 2588
1084 1971
543 4658
1331 2120 2627
3035 3451
293 909
1964 2318
97 3532
5042
655 1881
193 2545
1829 2643
1692 1764 1986 2785 4286 5138
672 1620
3928
1140 4725
1718 2157
627 2003
651 1588
974 3970
2208 3538
96 2045
2932 4627
936 1817
3666 3996
2012 2664
1286 2450
3652 4163
1369 4226
4678 4896
2604 2883 3766 3774
553 4227
359 954
4656 5014
3072 4164
1206 3702
54 4419
2917 4289
426 3737
270 4646
1846 3371
911 1839
500
382 1144
1709 1763
1426 3010
1915 3266
955 1541
2440 4543
4388 4818
1726 3069
3913 5152
2637 3016
3034 5143
757 2854
2703 3522
1152 3033
766 2498
730 1950
3774 5058
2256 4802
2770 2911
3218
1653 4216
3320 4531
1088 4436
48 1358
475 1700 2317 5194
252 5190
2229 5132
1745 1890 2608
3123
2287 4272
2268 4303
2030 3141
3949 5194
4363 4611
2791 4664
2310 3501
4245 5226
2322 5111
673 4307
2781 3568
1086 1623
926
1980 2795
1979 2092 2291 2744 3476 3867 4300 4703
22 4742
1196 1278
327 3463
3877 5108
1074 2387
2793 3998
3033 4285
658 823 1141 4725
2104 2968
1114 1454
1601 3214
765 5079
991 1731
1836 2488 2673 3845 4190
1565 3533
3324 3404
3247 3870
220 547 951 1354 3217 4976
1657 3146
2208 2606
4175 4405
2322 5174
171 702
194 4400
1871 2852
4258 4673
274 1731
4703
2451 4470
650 2518
390 2823
76 1495 2208 2594 3060 3855 5172
799 1834
2558 4973
691 3442
26 1858
1448 3801
1424 4448
3611 4651
3529 4623
237 2090
2659 4339
998 3950
873 3080
2830 2949
1590 2079
941 4726
307 4294
1618 4613
71
279 2657 2994 3497 3717
643 1760
293 2491
1495 4709
956 2472 3053 4162
758 4921
2405 2450
2729 4177
2638 4813
2151 4310
1857
247 2297
2164 2540
2633 5061
3137 4034
3830 4075
67 280 4527
2008 5029
2499 3708
4237 4925
1125 4122
195 5208
195 4983
239 1039
1142 5094
178 614 1354 1511 3911 4722
3255 3441
4110 5151
3112 3645
4381 4932
248 3455
1268 4759
47 500 701 2256 2625 4184 4346 4409 4441 4878 5029
946 1514 3471
2616 4581
340 5178
3628 4958
1139 2054
4150 4211
2513 4121
1192 3398
870 5178
1376 3833
2815 2918 3665
975 5097
515 4318
99 4711
1989 2767 2792 3263 3267 3308 3682 3996 4650 4735 4961 5184
2588 3081
1195 4790
223 2265
526 1683
383 1223
731 2464
2285 2852
338 3142
91 3227
1856 2352
2346 5051
4025 4716
2842 4072
722 3027
914 941 1249 3809 4423
1708 4873
263 900
38 3580
388 2970
3138 4889
3110 3553 3650
372 903
4350 4843
1382 2281 2746
3780 4798
1567 3091
271 1571 3056 4322
1736 3989
1279 3804
3563 5090
2543 5232
1751 3509
121 3444
1559 1680
883 3053
659 3269
685 3607
3582 4164
2194 5041
1422 3724
1330 4628
1424 5107
2229
576 5052
908 2863
973 4748
2939 4260
568 1480 2388 2842
1985 4119
2107 2243
894 4152
230 4002
170 1484
1403 3901
3971 4173
731 1518 1959 2356 2767 2961 3551
2632 3764
110 5208
1145 2424
1595 3842
1304 4320
537 1477
409 5233
689 1965
2369 3558
69 1031
3107 3656
4035 4721
1155 5210
116 3067
755 2753
2574 3909
209 3943
2696 2900
2370 3947
1008 3688
176 1862
2304 3863
166 3412
508 997
1015 2743
2430 4203
4244 4396
2270 4887
816 3258
1818 2245
1070 3057
105 910
1837 2410
1065 1774 2034 2807 2917 4056 4813
3318 3982
45 1190
3007 4477
2081 4456
1204 1479 1600 1989 2056 2672 2728 3385 4178
3034 3692
1754 5235
193 2549
505 3676
1706 5134
1005 2448
1250 3820
3841 4160 4874
20 3895
1731 3157
3459 4919
372 1626 4316 4910 4912 5138
4349 4359
1878 2570
824 3722
1356 3563
3830 4963
610 993 1485 1923 2500 3175 5138
212 3636
658 4714
4335 4613
302 1109
139 724 2869 3750
2009 2187 2565 3782 4664
2672
2580 3617
1894 3848
961 2573 3207 5172
4116 4911
611 874
1500 1749
3604 4732
1721 2858
656 1660
2451 4065
724 4690
3415 3769
1797 3524
798 3703
2762 4250
1220 1678
2916 4149 5029
3001
924 2435 4107
334 545
2253 3712
3906 4337
1643 1739 2668
3420 5138
519 3310
2932 3904
1301 2309
1556 4778
3796 4056
673
1979 2252 2605 2917 3952
636 1337
193 2306
302 3095
257 552
1487 4669
925 4410
2619 4985
1600 3587
1934 3143
2176 5071
500 726
1509 4908
66
3032 4672
29 80
3722 5237
2320
1731 2030
941 1859 1976 2178 2685 2720 3529 4378
1779
4199 5000
465 626 1643 2857 3665 4920
3687
536 846 1763 3214 3470
108 2935
2211 3819
143 3498
3375 4141
386 746 1734 1908 2599 2679 3186 3342 3694 3767 4641 4833
4214 4330
697 2542
563 4220
988 1193
2845 3162
2800 3710
657 4542
2999 3180
1889 4136
585 3945
2717 4901
237 2381
4250 4767
4287 4564
521
495 4651
2790
1719
1566 3578
96 1647
1736 4218
1296 2179
1838 4785
682 4614
543 1567 3223 3418
550 3278
214 2171
1041 3273
1000
1593 5096
2518 4202
201 2003 3113 3228 4077 5132
894 3017
1565 4545
87 4248
1349 1494 1890 1950 2467 4013
2909 4941
547 976
1722 4669
2260
2255 5127
3288 4834
1197 3241
4162 4848
2336 3103 3679
2276 5050
1026 3652
715 2746
503 4017
260 1172
2050 5189
947 4074
764 2012
176 904
600 3415
311 991
2889 3385
1227 3317
2549 3972
3641
111 2025
694 1280
1835
2809 4775
1362 2056 2525 2762 2823 3035 3217 3317 3358 3476 3601 3694 4113 4396 4703 5215
2668 4110
1155 3336
1125 4693
1586 4004
2395 2472
80 3888
4950 4999
3743 4840
579 954 3102 4655
2365 5047
847 3631
3540
3328 4125
1382
2510 2818
3349 4547
4954 5231
2436 2848
511 4971
321 385
308 5105
2719 4268
476 2192
987 2989
1616 4370
1777 3920
1331 1977
1186 1729
2196
3541 4932
781 2463 3550
2619 3068
1891 4834
4124 5016
11 281
995 3079
1141 5170
1584 4510
3851 4418
3621 3988
3175 4046
988 2083
1789 2435
2728 3173
4035 5093
47 1996
2487 3500
1922 3814
572 3753
2011 3686
881 1217 1625 2251 2583 2992 3380 3426 3488 3885 3975
183 3799
2368 2691
1167 3201
1052 4719
1136 3598
540 3827 4753
3885 4806
478 1971
290 856
51 1814 1865 3352 3827
196
3283 4931
956 4755
3405
1302 4337
3655 4867
1757 3457
2080 4509
3541 4313
70 3656
1377 2941
458 2384
3181 3366
678 752 1325 1349 1792 2296 2968 3041 3382 3426 4315 4562 5035 5212
1075 1839
24 2625
2027 4568
3985 4675
367 471
3208
2860 3082
1366 2262
802 2810
1736 4380
255 1504
25 2305
509 2347
278 4515
61 2765
615 3857
261 981
2533 4519
577 1514
3448 3958
298 1415
2004 4051
2129 4982
2540 3254
2885 3023
3974 4921
134
1361 3583
1971 3230
4476 4529
315 3017
82 4101
912 2145
2423
1983 2686
1300 2426
4112 4957
1710 4147
1811
2837 4202
930 968 1184 1385 2483 2544 2581 3778 4464
173 1472 1725 1973 2441 2541 2768 3713 4379 4627 4651 4968
625 1029 1036 1782 2034 2314 2492 2917 3370 4051 4633 4767
4532 5192
1614 4258
2317 4603
711 2051
1229 1671
1180 2992
1362 2252
1236 2395
1034 4596
1460 1463 1749 3932 3995 4682 5233
4490
3480 4721
765 3859
1727 3710
34 3942
1121 4710
1949
2629 2707
4226 4730
1831 1989
2699
2759 3854
679 4914
2200 3874
193 825 1322 2606 4016 4136
3880 3964
609 978
3499 4413
28 3559
890 1972 3717
1819 2439 3548 4807
2742 3574
2949 4945
2538 4558
1702 1833
2066 4871
2223 2522
2073 5125
423 4213
1543 3981
3357 4095
422 708
1349 3957
1143 2953
1140 1141 2264 2618 3266 3878 4068 4599
851 2673
667 2999
4150 4342
674 1473
1113 4398
418 3436
2355 3263
1022 1206
1664 3306
2341 4615
2698 3418
314 3427
778 4238
754 1628
2826 3136
2172 4194
2064 4466
3783 4344
2057 4429 5010 5056
987 3487
892 3618
709 2926
2457 2897 4574
3305 5139
229 3643
373 608 3427 4766
2739 4601
2389 3266
1867 3324
871 1667 2063 2693 5086
1715 3985
2653 4909
2436 2884
1929 1949
126 4029
652 5067
3665 5151
786 932 3529 4378
1661 5082
1748 2002
637 2181
1319 2040
197 501 2480 2559
101 3352
1999 2415
3589 4188
26 1912
789
933
952 1091
43 4348
345 2256
1185
1016 3319
453 1868
3095 5202
1536 2639
1392 2692
1952 4839
181 785
700 783 990 1731 1975 2476 2562 3843 4038 4503 4823 4824 4944 5107
2680 3837
2832 4812
583 2260
1018 1942
2593 4780
1930 5167
1367 4182
1785 4613
1955 3628
2318
469 2423
1884 4362 5047
337 3664
200 3679
1615 2037
2777 3810
42 3390
1166 1539
1060 1253
1419 3330 4634 4875 4905 4956
2857 3585
131 4826
693 4412
424 3871
1185 2250
3534 5007
1648
796 1675 2318 3292 3444
3173 3407
50 1869
3864 4549
2961 3170
811 2052
2785 2958
4070 4157
1184
426 3370
420 4886
1375 2860
2330 2991
4629 5068
482 821
136 4209
1926 4445
1241 2852
2282 3563
1469 4829
5136
1354 4622
1 704
644 1910
2226
1601 2095
761 941
454 864
2356 4239
580 1343 3997
1348 2031
599 1110
1535 2971
338 3694
3604 3624
1025 4096
346 2424
1843 4504
2120 2795
2998 3442
1221 2329
656 3837
3355 4256
1981 3539
22 42
2585 2847
1608 3311
605 1226
324 1197 1202 1511 1736 2214 2240 2592 2917 3882 4626 4783 5207
2550 4636
903 4144
2247 4864
2165
1003 1742
403 2877 3414 4291
1494 2343
5071 5204
2038 3572
400 2681
2884 5012
1759 2374
1119 3021
1602 4465
4796 4964
3252 4207
4307
60 3325
1775 1777
3468 4237
160 5058
2351 4576
1290 4056
2469 2895
1180 3758
1756 3847
3281 4137
942 5207
1028 1747
193 2591
1694 4219
204 4612
1548 3984
3747
3233 5230
1111 4026
1598 3016
1385 2651
4304 4757
119 2365
2757 4034
144 3277
372 4460
86 521 697 1036 1334 2269
3436 4192
195 470 1614 1834 2056 2228 2672 3087 4037 4282 4946
5203 5204
3347 4355
240 600 983 1385 2164 2534 3080 3108 3755 3800 4498 4599 5045
472 937 1449 1937 2672 3472 3999 4519 4782 4828
932 2098
2708 3384
3719 3840
3515
960
2880 3657
2318 2321
742 4779
3816 3876
566 3259
2878 3489
2337 5009
1393 4799
3244 3472
1998 3998
2980 4378
3757 4204
2001 3514
1971 4266
1266 5051
2894 4610
4354 5037
3983 4249
1840 4420
3169 3834
4033
1705 5090
1443 4469
578 1220
1135 3368
25 2450
2318 3715
35 3784
600 1549
673 1544 4412
2082 3528
1512 3486
1114 3104
301 3089
3349 3846
2672 5057
3434 4933
2817 4413
176 3215
504 5175
3552
1013 1749
458 4030
1077 4352
2910 2917
222 2763
1401 3134
2552 4537
1287 3717
3546 4832
648 5122
2590 3109
1476 3235
1602 4442
1178 4845
2930 3425
300 4598
3161 4886
988 1952
3798 4925
1902 5112
2263 5085
1079 2383
2919 4378
1068 4118
2432 4108
1953 4562
121 2110
4254
1621 2852
4754
96 1584
4171 4865
167 674
300 540 1385 2100 3265
1967 4427
1700 2933 3307 5156
1684 4758
4389 5010
291 688 939 2393 2978 3124 4671 4720 4816 4995
1029 4056
183 2349
400 3211
1049 3563
3076 4518
2097 2917
146 5129
472 1528
2 1553
1133 3652
1637 3539
1788 3684
487 3739
33 2991
1873 4822
3297 3873
568 3978
177 320 697 1610 1829 3035 3178 4059 5002
598 2528
193 5172
1293 4189
676 5091
1690 2851
700 4630
938 4595
235 3923
1989 1999
2968 4332
1182 1560
2992 5032
4821 5078
3269 3996
2767 2909
18 2376
1314 4231
127 3872
219 5130
1100 3158
1396 1990
2279 3903
1472 4570
1428 5001
2115 2347
3822 4087
3622 4627
10 2665
1158 1410
2465 4562
785 879
1284 2241
387 3653
2590 4560
920 2982
1527 4655
1393 3170
618 1763 1971 3529 3601 3641 4888
292 3781
2346 3596
3772 4655
1436 2751
39 3993
2056 3223 4472 5063
2804 2907
2010 2364
559 1920
297 2877 3091 4209
721 4966
471 2816
1696 2125
5022
2002 4779
3844 3994
1591 3328
673 723 877 2968 2992 5031
258 941 1442 3092 3106 3983
1688 4786
1406 4913
3928 4653
1042 4993
1280 1919
1147 1637
3309 4197
190 495
95 97 187 449 542 877 907 995 1622 2002 2177 2433 3086 3262 3588 4131 5160
611 1690
436 850
1675 2397
1141 2207
2428 2651
2609 3208
929 5133
2705 3169
305 589
3951
2052 4593
2469 3012
457 4288
1483 1925
1611 2492
1421 4068
4580 4986
856 3753
320 2655
1305 4263
851 2985
940 5060
2778 4645
176 1897
425 4795
2471 4529
1570 2577
3505 3977
4824
131 1794
926 1944
3237 4987
1010 1799 4155 4604
949 988 2847 4601
1418 2658
838 937 1243 1493 2455 3267 3281 3478 3529 3808 3883 4375 4404
2378 3492
598 894
1489 3713
2574 2917
210 1698
1304 3472
511 1197
3047
1474 1992
4804
747 3963
529 2325
1431 2394
3304 4925
965 3100
1283 2968
1281 3278
4289 4548
1128 2377
776 3473
960 1122 4883
96 1945
1153 3655
2248 4496
2625 5081
1981 2850
3063 4106
540 2964
1505 2566
2190 4000
199 4642
4187 4831
2072 3464
116 2161
542 1844
1778 4439
737 2704
524 576
137 810
477 1526
19 1067
3285
3271 4186
1526 3912
1761 2293
1191 4905
2147
4112 4389
2358 3608
2543 5018
1183 4194
2805 4479
1433 5236
1318 4517
496 5104
3303 5234
1638 1749 2614 2842 3118 3408 3472 3539 3549 4703 4736 4791 5060
872 5143
1336 1946
2042 2495
2087 2589
954 3167
1712 2261
75 1966
2258 3539
1639 2508
171 548 965 1243 1377 2056 2318 3212 3363 3529 3537 3871 3883 4049 4942 4960
2323 2929
2947 2987
2318 4400
1360 4486
681 5028
1046 2007
3322 4092
310 4936
3066 4819
3529 3573
673 1282 2075 2948 3642 3953 4657 5025
1179 2728
3313 4624
1955 2693
1070 2164
1767 4547
3712 4803
227 5108
2737 4682
1783 3064
1558 4671
1520 1599
203 3796
1073 1638 2702 2783 3187 3356 3763 4925 4940
1380 4559
565
552 3737
191 4336
2570 4486
446 4830
1187 5032
339 2168
1887 3226
3549
3067 4902
297
347 839
1038 5181
2871
1459 3694
242 2690
399 1711
2710 5056
1150 3020
1093 3756
3162 4734
484 1371
1758 2831
3436 4896
812 3126
638 4409
428 4902
595
27 5102
515 1526
4981
3410 4731
372 933
882 2973
1413 3838 4567
2306 5168
1638 2917 3408 3641 4703 4925 5071
724
4772
2799 3203
364 924 3993 4324 4988
750 2101
2709
3521 4681
3745
4494
2613 4234
1564 4309
526 1550
273 368
839 1437
4099 4872
2450 2793
3101 5071
3879 4756
1312 4492
2957 3991
1263 3397
1927 4167
751 3203
147 4749
894 1166
2197 4320
2661 3150
1809 4924
1349 2345
1211 2928
2320 5169
2071 4338
668 4532
577 702
1645 2786
808 1851
709 1716
170 189
68 3750
1904 1907 2293 2912 3408 3601 3704 3902 5203
3550
1456 3105
4188 4798
2653 4265
316
4613 5159
1557 4177
494
871 1816 2693
582 1978
539 1653 1833 1929 2275 2357 2372 2424 2515 2899 3362 4086 4838
939 3403
2264
2984 3495
2739 2988
1223 3273
4718 4903
540 3680
179 1587
607 881
4393 4450
2058 5120
1058 3154
2668 2845 3117
969 2512
1585
431 4311
35 3958
260 1640
3987 4649
1495 3855
401 3954
1642 4040
195 505
2771 4273
2257 5048
382 1230
407 1294 2164 2268 2897 3155 3719 4033 4574 4834 5127 5205
1569 3659
2320 5007
1974 2672
3939 3979
1736 3364
372 4910
1401 2967
1177 2846
2748 4210
483 1833
5081
1349 2310 4446
803 2768
1239 4464
1736 1829 2003 2852 2917 3202 3579 4063 4429
2055 3808 4065 4470
2453 3792
4113
2036 3803
107 286
853 4141
557 4926
2523 4791
2806 3786
249 3641
748 1529
1165 2039
1141 1882
2409 2643
4362 5047
2858 3049
425 4432
2813 3556
3034 3475
276 4263
1359 3299
2210 4731
1588 2625 3065 3321 4346 4441 4688
1771 2350
3270 3679
380 4603
974 3970
2782 2839
1928 5067
2712 4791
954 2171
2343 4280
706 5214
2216
1731 4159
66 1047
257 4480
2162 5064
970 4377
589 1994
3774 4746
459 4689
2526 3566
2294 4232
3365 4668
2223
31 1877
252 3909
2925 4612
1234 3892
623 3609
324 2361
3251 3869
4713
5016
2790 3640
378
514 3764
2966 3454
2221 4113
240 1946 3266 4004 4566
3584 4946
3284 5027
877 3242
1021 4662
3939 4820
2472 3833
125 4006
351 423 758 963 1044 3563 4529
2729 3752
2308 4083
262 497 2218 2518
662 2852
4779 4915
2804 3854
1413 2290
289 4291
898 3411
1002 2158
6 160 593 724 2518 2547 3735 4672
1399 3917
379 489
4854 5135
68 724 1285 1684 3033
63 3832
1863 2697
3409 4764
474 2009 2791 5015
540 3098
3300 4651
874 1931
1502 3703
5005 5221
844 1338
49 1553
692 1265 1743
140 1983
3696 5136
129 2200
178 1511
3896 4481
60 782 1923 2821 3562 3835 4056 4097
806 1456
3332 5046
1917 2969
1172 3266
2195 2611
4193 4871
2231 3698
2701 4571
2266 4708
5011 5160
3812 4637
1366 1710 3472 3695 4065
941 2687 5055
819 3157
2017 4853
3807 4517
1033 5223
1196 2965
923 2021
3276 4440
1120 1408
834 4663
794 2849
2774 4236
954 985
1045 3396
1317 4864
602 2074
2396 4810
56 4520
1865 2974 2978
314 941
958 2320
2640 2784
822 3905
413 3779
2667 3761
858 3292
1772 3796
4540
3142 3210
2264 3599 4567
443 1190
3270 4834
1956 1973 2775
2732
3141 3900
2233 3424
2588 4376 4992 5045
2031 3307
3243 3858
2794 4278
4078 4905
1244 2445
317 2956
724 1398
113 5041
3057 3769
1468 1861 2606 3672 4761
1824 2466
3008 3865
1940 3847
176 852 2047 3048 4276 4664
75 2423
1700
2186 4770
251 2750
350 3172
3857 4843
767 1080
1057 2574
2443 4841
3747 4700
1648 2591
3165 3539
1948 3388
1422 3368
3059 4317
1531 4051
2388 3276
1277 2578
3080 5149
1935 3619
372 3061
1971 2305
3217 4622
2003 2006 3472 3539 4095 5108
2029 5223
2968 2975
2320 2368
154 268
885 2923
97 4455
493 2421
1744 4676
3744 4708
190 1721
528 546
1010 2776
1687 3795
4486 5161
1189 5185
931 4941
1089 3843
2390 2726
756 3641
1408 3392
2818 5023
3831 4380
2814 5130
617 2055 4196 4447 4791
4498 4607
2744 3742
886 1442
1581 2650
22 3516
2539 4044
1071 4184
161 1258
2373 3931
1660 3775
769 4731
1557 5102
2943 4243
2484 3932
2427 3988
305 3378
456 1559
1485 2137
548 854
1589 4393
2502 3430
3943
4238 4353
1404 3916
3045 3921
483 533
5 4038
1806 2160
1577 2005
2300 4628
1204 2051
3683 3760
72
1320 1444
1348 3050
120 1712 2745 3929
1571 2280 5179
1018 2862
1435 2355
193 2747
241 435
2563 3967
2617 4747
3446 4614
2823
1169 2075 3550
1228 3673
1037 5059
1171 1644
738 3078
3012 3669
1632 2114
4132 5108
2202 4868
790 4486
288 3483
3061
613 958
1660 4551
3949 4697
4214 4348
2467
1511 2507 3721
2727 4953
2911 5172
845 4980
962 3018
2333 2968
2169 4530
1487 3464
3369 4591
821 1188 3683 4001 4265 4451 5022
550 4522
3075 5068
2329 2763
3290 3427
622 3250
2996 3111
1052 4719
3671 5230
2957 3922
1941 2700
4221 4696
257 3621
1232 1574
3413 3605
1262 3424
3045 4728
195 481 1605 2512 2672 3384 4273
3198 4417
2580 3282
3267 4012
624 3502
1188 3979
1292 2724
2189 4359
2921 3755
682
917 3762
4055
1913 5165
4768 4774
929 4440
176 4524
1416 3999
2888 4652
81 2447
186 1795
3060 4640
1354 2901
69 4944
130 5127
89 397 2016
1974 2265
4224 4627
1845 4562
1579 4369
1080 2684
22 3253
2370
321 1692
3115 4533
3315 4651
4635 4834
1556 1650
130 973 1372 1990 3293 3679 4486 4834 5127
2639 3258
2740 2962
330 2032
3263 4398
3141 3934
191 4782
1833 3674
2056 4363
52 1670 1958 5029 5104
2085 2190
22 3913
4364
2420 2958
1236 2142
558 5113
3539 4053
897 1384
85 558 629 1342 1829 1938 2046 2429 3014 3035 3875
1564 5121
366 4049
1797 2339
4007 4888
41 779 866 1881 2219 2762 2821 3240 3353 3796 4092 4670
896
897
2134 3370
1466 4251
1058
1264 4644
44 3694 4125 4495
832 4081
2802 3695 3808
805 2409
397 1101
322 3080 3452 4498 4535
1624 1724
434 3176
291 2122 4995
918 2685
917 1538
2904 4206
2640 4342
145 5146
2160 2884
3849 4231
312 556
1958 2406
2484 4064
4387 5118
1553 3765
848 1012
183 4333
141 3652
3396 5137
550 4411
4274 4894
2208 2470
1262 4825
3546 4056
498 4888
2482 4635
3076 3883
3204 5220
3796 5139
1356 4573
1638 3616
1989 4606
300 3024
336 4151
4267 5181
931 4314
4367 4722
3499 4341
2811 4868
1345 3338
4812 5172
2652 2918
2423 4906
3029 3520
2917 3697 3754
1004 2273
875 4932
2796 4703
46 1524
2420 3337
363 2721
62 1830
107 2664
1535 2645
4422 4932
2951 5012
118 1446 2472 2930 4063 4180 4544 4855
629 4684
1538 2156
200
434 4927
1153 1812
2105 3436
1323 3960
1765 4947
128 4562
1036 2379
2861 3060
2391 3244
536
348 531
962 1194
2851 3700
668 4161
133 4928
922 3219
411 1923
2140 2312
3030 4430
574 4741
686 2201 2809
2663 3083
66 4102
2723 4578
2384 4651
516 569
2264 3469
438 943
3176 4228
572 1736
3729 4448
2775 4874
2112 4142
2629 2896
2515 4195
2522 2710
266 2454
1583 4904
3623 4311
4535 5115
675 4278
226 727
1672 3345
2450 4860
717 2727
1661 2146
724 2595
1696 4687
2632 3648
1238 2767
516 1399
15 149 736 936 1012 1770 4125 4656
4632
3148 5091
1705 2450
691 1707 2048 2657 3914 4441 4981
1989
539 3515
3504 5197
3126 3644
948 3373
2304 2588
401 1181
1717 3262
3802 5136
1232 1429 1683 2141 2235 2283 3096 3523 4302 5123 5187
1665 4163
145 3907
3434 4939
513 1123
623 2844
4572 4723
4432 4769
2883 3032
2111 2754
3284 4592
5018 5145
4074 4447
3233 5063
204 5172
3184 3418
1391 3688
2424 2663
414 4899
3074 4979
2853 3968
871 1137 1176 2130
2066 2551
4650 4829
569 2873
782 3248
2855 4570
3990 5150
809
617 4248
4022 5193
4421
2516 3054
536 893 2519 4851
4157 4990
1553 1855
4313 4428
3387 4078
1346 3738
4797 5108
3611 4651
1815 4950
2353 3820
2644 3237
3093 3930
1518 3197
183 1526
192 217 661 678 1306 2124 4310
899 1151
3920 4650
2221 2755
2567 4994
127 1024
742 2478
2887 4223
3290 4521
2807 2865
2108 4060
2385 4807
1382 2302
1923 3341
4415
1545 3211
401 2251
2600 3037
797 5074
2719
1902 2061
1076 4983
3456 3714
1578 4290
3645 3979
3286 5004
2002 4103
1355 1830 2939 4654
332 777
1373 1481
56 1465
733 2560
3676 3996
1210 4089
1842 2175 4409
3859
603 2405
3848 4169
1369 2295
3726
462 2230
110 3263
401 1035
1526 1662
2581 5019
100 2500
27 2866
3449 4451 4581
2525 3490
4264 4864
3223 3771
296 1290
716 1546
855 2622
12 5021
486 1764
205 789 836 1092 2065 2256 4778 5029
768 1355
4566 4793
2295 2574
2148 2242
1457 4194
2336 2561
620 3256
1677 4796
1682 4451
2569 3234
158 2190
3612 4651
2634 4241
3668 4167
1681 2082
2987 4230
2415 4104
318 2992
2779 4895
2004 3874
218 2670
646 1511
2733 3627
1939 4373
1701 2699
1257 2253
364 924 3605
275 427
398 1779
1807 2047
233 272
2185 4811
2853 4600
1798 2256 4550
128 3380
4085 4803
4404 5040
2788 5029
3567 4506
2814 2983
3633 4693
2257 2616
953 1388
4106 4797
3083 4075
3 1243
3098 4391
131 5145
184 571 580 1343 1481 2657 3717
1994
3131 3968
565 2780
2695
1746 5012
1341 3316
91 1318 3930 4905
1898 3289
323 3265
1214 4777
720 1799
327 2475
2780 4003
219 688 1307 4588
1740 4527
119 355 673 3153 3709
2564 4041
4045 4601 4703
123 4458
643 4444
584 4105
635 1638
2126 4024
2116 2942
2239 4508
2327 5013
209 4321
1112 2337
1030 3472
3845 5045
1606 3733
2842 3118 3283 3336 4582 4931
1829 3034 4576
3002 3905
1708 2654
676 4900
2049
1146 2255
894 2254
859 4924
1492 4082
1161 2537
3351 3520
1188 4409
4344 4632
83 1036 1634
3662 3927
248 582
1754 4938
440 2173 2291 2755 2917 4429 4601 4791 5061
257 4502
3085 4037
746 1491
2598 3542
98 4533
437 456
1083 1315
1366 3472 4334 4948
497 2595
525 1065
4475 4800
1315 4685
139 350 1006 1188 1363 1812 1914 2003 2175 2222 2340 2657 3590 4275 4390
586 2829
906 4088
3164 3302
3063 3310
374 5171
914 4255
430 4784
10 3997
669 2956
1188 2524
648 744 1460 1961 2373 3291
4225 4790
2414 4123
1382 1430 2318 2687
203 1863
491 948
2159 4894
372 3348
4230 5087
1095 1261 1590 2003 3099 3694 4396 4791 4977 5010
103 4147
490 587
3711 4201
1273 1763
300
4436 4703
2553 4435
875 1932
756 4862
3508 4664
3816 4010
1005 1406 2657 3717 4184
3326 4786
448 1722
2068 4366
198 3185
3691 4943
3907 4206
2612 4159
590 806
2088 3662
2022 3979 4288 4306
463 5108
1048 1499
23 1299
2398 3889
2117 2766
87 5049
4365
614 2298
2148 3260
4647
713 4481
219 688 4588 4608
3033 3693
1553 3231
3097 4592
1295 5157
4847 4935
298 3295
2603 3695
1314
784 3414
749 5111
353
4407 4665
3022 4698
2765 4791
1090 4808
3524 4744
2427 3731
3795 4462
396 1327
136 809
1090 1259 1872 5112
1984 2402
983 3543 3568 3897 3962 4033
888 1673
634 5184
2057 2380
3046 4720
734 895
1407 3620
1695 1884
1608 3610
4063 4833
1328 3496
894 1579
877 1673 1872 1984 3266 3908 4068 5127
1307 2167
1629 2430
1215 4631
2076 4397
2224 3141
3206 4963
1322 4514
2 4336
1933 4858
1829 4371
1905 2986
488 2955
700 865
1924 4732
878 982
766 4505
729 3006
1343 2445
3526 3812
3357 5003
3010 3267
3826
2462 4249
1800 3980
1690 4989
1917 4011
1522 2422
743 1829
2641 4361
716 1911
59 1638 3022 3462 3763 4926
1733 3976
414 2552
3036 3634
1233 1892 2075 4029 4401
74 870
4068 4168
2121 4791
1279 3320
1795 2015
320 1289
1604 3836
1341 1377
2859 4925
1040 2536
847 4125
2886 4997
169 2412
2933 3555
1766 3490
1144 3172
167 4331
3966 4997
915 1982
2071 5184
193 1260
236 4638
2446 4864
1526 2090
1554 3069
2210 3564
1544 3404
510 1265
504 1075 1124 2992 3339 3400 4023 4134
1146 4677
514 2866
814 1188
3755 4299
3599 3838
1389 2995
2316 2320
3393 4220
2088 3804
2002 4200
2471 4098
768 1205 1690 2124 2268 3103 3679 4654 4989
2408 4760
3239 4379
274 2341
1938 4152
1371 1483
335 3453
2659 4288
455 4378
554 1662
544 4969
5206 5228
1498 1617
583 2311
1302 4360 4463
416 2221
2294 5036
48 3978
175 967 1324 1638 4204 4466
3447
1355 2353
183 3377
2116 3044
300 1948
867 3329
391 706 873 1009 1336 3080 3266
106 4330
1222 2213 2221 3107 3470 4364 4396 4703
83 2049
3038 3720
685 3469
180 861
1258 4100
396 3908
1042 4463
1561 1706
660 3288
2564
3249 3743
384 667 673 870 877 2166 2230 2623 2788 3149 3647 5029
2876 3951
1397 3090
1704 5184
523 1847
436 478
2055 5049
1435 1969
512 984
3190 3882
2614 4975
3552 4681
1898
3217 4773
343 1443 2510 3034 3397 4022 4881
2713 3937
761 3182
602 3376
1414 4501
4181 4391
3035 4701
1467 3161
4031 4094
3218 5138
1450 3807
211 4555
94 4887
825 4016
2162 2852
3503 5003
148 2120
1771 4062
344 3459
773 2527
4461 4794
2113 2123
2056 3671
550 2672 4217 4243
1197 1956 2613 2868 3034 3784 4030 4153 4234 4309
4013 4744
2068 3430
4268 4574
29 139 214 570 1385 1731 1966 2190 2926 3406 3411 4852
2521 4180
3550
403 2490
389 5118
479 1019
1658 4805
555 1872 1942 3759 4955
2486 3818
21 1171 1526 2238 2565 2791 3859 4439
1718 4475
349 1542
1382 2390
1700 3739
2828 2891
812 4056
3352 3560
2837 3774
1659 2600
1731
408 1151 2996
2085 3891
377 4563
1844 2517
4795 5219
494 1740
3608 4624
3045 3558
264 1209
4126 5106
1325 4408
1511 2473
1908 4176
2140 3717
306 3736
1285 2803
224 4932
1668 2025
2920 4338
688 2189
222 1275
2093 3990
2317 3967
963 4476
798 2423
3869 4870
1149 4633
66 900 2057
53 1036 1506 1638 1833 1923 2574 2602 2917 3529 3601 4116 4364 4435 4601 4859 5088 5147
1179 4794
1330 1343
1824 2378
2285 5070
3805 3892
2628 4761
2444 3051
2671 4850
1658 4888
1237 2366 3748
2787 5006
1993
2684 4828
2319 5015
421 3658
899 2972 3986
1558 3352 4490
2740 3047
2650 4105
1106 4200
2094 2394
2503 2582
2462 2621
197 1103
574 3995
4830 4880
1362 3054
417 999 1910 2029 2199 3596 3716 3918 5127
2799 4512
1511 2426
649 3585
1704 2672
1883 3529
938 1805
600 2164 2170 2184
869 4928
4905
2070 4148
1332 2575
378 1527
4479 4652
2055
650 3735
365 3950
1104 2718
1410 3625
695 944
40 286
2397 4923
2974 5195
479 3343
2981 4882
3619 5127
2342 3256
3350 5211
1702 2656
2379 4575
3855 4709
1741 5217
1690 5034
1176 3781
182 2366
2359 3106
2865 3035
114 4009
29 4201
1036 3862
527 4904
1370 3603
11 4626
1380 4009
496 2916
85 2013
449 4356
2820 4297
1423 1733 2002 3275 3423 3768
96 3146
1940
3267 4039
1381 3217
894 4416
2875
3428 4442
1097 5079
571 698
1020 1813
2674 4421
428 924 2056 2107 3529 3702 3724 3907 4396 4429 4477 4536 4893 4933
989 2056
2400 4299
4647 4704
3461 4679
3232 4305
4233 4341
2697 3644
1555 3280
967 4407
795 2067
2548 4878
3556 4333
1120 2279 3482
1763 4661
2163 2975
3066 4252
527 4478
1021 1853
3825
329 4329
3143 4109
2633 2762
5124
792 5073
3352
2040 4964
1192 2537
1819 3548
138 3760
1233 3383
3367 5165
1023 3141
3141 3465
4091 4932
1032 3163
487 2023
3267 4716
3188 4217
3569 4729
1511 3504
3322
588 1471 2852 4495
2411 2894 2950 3679 3840 4031 4033
1211 5014
238 982
915 1526
1689 3652
1642 3139
2925 5172
176 3868
1241 1603
2695 3865
1610 1875
1794 3327
1549 1915
4468 5116
2142 2896
600 1350
4711
1310 4227
374 4655
3811 4897
2232 3777
4125 5119
263 5200
954 5072
2205 4507
1963 4703
1894 4172
538 1899
1450 4438
412 5177 5234
83 129 296 1036 1123 2408 3220 3823 4290 4556
783 3345
771 2056
2984 4879
3961 4107
393 2044
1731 2058 4700
3071 3802
1691 3616
1613 2688
2775 4160
1888 3161
646 1581
895 1059
2256 2657 4802
1523 4867
2243 4729
1997 4627
493 4755
2485 3493
469 1385
220 1202
3179 3330
2756 4639
837 1763 3408 4055 4093 4712
6 2692
1093 5054
307 732
1591 1630
586 4791
4089 4426
137 4316
2517 3588
417 4853
829 2470
345 4212
1849 4382
564 2863
1643 3574 3591
1475 3658
834 1090 1349 4166 4771 5213
420 1907 3161 3518 3849 4353 4740 4956
972 4111
224 5108
2057 2835
1405 3112
2779 3685
2796 5069
1843 2779
1071 3429
848 3058
2416 3768
410 2221
1596 4919
197 5176
2778 4917
1016 2845
2630 3018
566 1772
194 4752
3629 4386
750 2248 2386 2644 3332 3486 3563 3601 4542
3701 4529
1430 4129
4143 4739
675 1971
2324
2980 4378
88 199 811 878 1377 1470 1970 2299 2654 2947 4115 4123 4691 4825
61 446 925 1135 3309 4791
755 1923
473 4468
2349 3547
1799 1867
4395 5184
1431 4197
652 3563
2889 3899
99 3539
402 4446
3141 4018
2059 3068
1308 3263 3756
4133
245 4404
1164 5132
2924 4235
112 1411
621 2002
3971 5025
1396 2934
1872 1960 4662
3161 4905
1796 3029
1667 2661
1508 2442
2396 3539
1850 2672
1613 2197
2784 4504
3232 4817
719 2447
211 3419
1724
3034 5218
1875 4584
544 697
281 2936
1242 5123
966 2608
622 1222
1440 4623
1354 2592
4429
2450 5183
657 4213
2057 3973
3595 4184
1468 3015
2647 4262
840 2307
2196 2830
3453
2227 3468
1393 2278 3605
815 1786 2124 4523 4574
796 4228
195 754
219 1819 2360 3845
151 3431
1339 4245
172 393 561 2075 3352 4071
1511 2456
4545 4551
1331 1877
104 661 2015 2924
1307 2844
2164 3394
2093 3370
4518 4642
2450 4266
1528 3787
606 4714
3167 3681
242 2371
1731 3279
3099 3351 4429
1143 3806
2440 3228 4124 4351 5132
2440 4372
2521 4835
3782 4717
2951 3749
1810 2323
131 1572 2045 3522 4205 5172
4285
1493 1726
1006 2317 4295
3422 3979
3904 5077
930 1563
3550 4953
620 2091
1452 3757
1102 3544
139 877 1385 1636 1650 2642 2657 2809 4042 4297 4335 4613 5104
1261 1681
3426 5036
3382 3570
1417 2268
1189 4763
678 2119 2992
4590 5031
1193 3289
604 5101
1761 5071
1366 4334
2711 3853
1343 2496
352 2221
464 550
3266 3845 4376
157 3798
673 2927 3153 3709
1842 3677
4457 4619
2014 2898
2683 3287
1350 2716
957 1507
747 4890
1543 3809
3099 3582
3308 5148
726 2547 3238
1905 3955
3458 3529
2638 4396
2450 5183
3414 4207
1001 3732
799 1496
2157 5164
3116 3723
3182 3981
411 4911
1471 4707
1827 2833 3225 3601 3618 5039
575 4857
942 4815
4259 5115
832 2363
1810 2466
507 5023
632 3383
2586 4787
406 880
3497 3690
1377 3119
826 1987
1362 2212
1145 3334
2063 3110
319 4428
4703
666 792
2702 3294
3374 4182
1170 1357
662 2962
2649
131 1900
591 2882
772 2669
1168 5228
906 5148
2010 5227
1315 5038
3593 3919
322 5173
197 3527 4042 5029
534 2938
315 4684
2714 3141
165 202 1077 1345 1359 1687 1964 1993 2313 2578 3557 3883 3960 4233 4452 4907
2131 2345
5 2404
2568 4473
3333 4484
83 4048
1607 1768
4168 5074
1284 4847
292 1957
4082 4659
679 4855
1822 3663
2350 4052
1460 3323
4194 4972
444 4814
1801 3073
1919
1396 2102 2893 3679 4019 4033 4498 4731 4756
971 1377
1833 3359
3389 3906
2043 2144
1004 1118 1245 1698 1848 2557 2884 4949 5012
2191 3443
1402 2772
2235 3777
536 1298 1299 1665 2424 3189 3792 4193
59 4087
280 494 1923 2500 2779 2785 2816 4636
3104 4097
183 2392
735 2481
386
2541 3530
1458 1769
4205 4345
1529 4076
919 4703
5057 5099
891 3878
440 4221
2652 3117
1713 2539
183 2192
1008 1087
1252 2161
34 474 3349
78 4467
532 1765
1587 3647
3436 3806
2250 3897
313 1553
179 1522
1329 5066
4008 4822
279 1707
815 3147
3600 5172
1672 3632
246 2954
2215 4414
1495 2606 2795 3372 3972 4109 4208 4840 5018 5168
377 5103
2124 2596
2398 3312
1267 4918
2279 4863
2660 2666
1439 3944
776 1840
3577 4103
990
4978 5062
266 464 550 1163 1800 2366 2672 4488 4553 4616 4938
3898
49 1426
1214 4194
1939
1947 2903
1056 2556
22 2062
668 3036
343 4224
2555 2563
4753
545 1547
670 4187
567 1995
1890
900 4856
238
1689 3136
3264 3641
3225 3264
407 3679
349 4585
3217 3245
2646 2730
524 1464
538 2741
2477 4758
216 2992
1635 4904
1420 3727
581 2917
309 1821
2144 4762
1489 4968
2480 4679
2056 4096
1790 3787
1455 1921
3813 3884
777 1373
278 2399
86 2567
1552 5100
4585 5098
664 2101
3252 3987
1737 2934
84 2703
2735 3045
3528 4863
550 2769
1582 3525
1085 2839
