5237 6067 010
2736 550 3191
1738 3361 4506
3641 319 4343
2708 1287 2324
871 3934 5110
1816 3774 4889
2685 1719 2130
887 1693
886 218
3552 3398 4417
2716 2952 4773
1748 1386 4295
5420 297 1575
5432 509 1486
2683 365 4180
1824 172 2179
888 741 822
1789 2024 3386
3619 2028 3513
1834 720 2776
864 4664
17107 392 1526 1926 2246 2575 3213 3912 4026 4044 5191
1786 1271 4454
1798 265 2994
927 3004 3298
3583 2610 3127
896 3593 4287
890 886 3064
7156 2190 2838 4655 4769
1777 1203 2439
889 1977 3741
831 221 970
2646 2319 3366
4486 3050 5156
2659 3300 3669
2666 1096 1619
5329 773 2318
1722 1164 2690
907 2278 3413
2660 371 4751
2686 1694 4056
858 3158 3213
2697 1419 3131
3615 813 4063
840 2764
905 4117
4484 2657 2963
883 2554 4591
1768 3789 5186
1760 1460 3171
1800 2393 2978
3530 2024 4042
3652 1458 4703
1838 1006 2524
3618 123 1130
2740 3826 4271
858 940
1809 1645 2167
5451 4529 5137
2640 3235 3796
1807 3007 4933
1756 768 4120
3666 1553 3779
3597 1335 1654
1780 226 1773
18060 745 900 2836 3730 4151 4702
1700 100 494 2641
882 3640 3778
2685 2738 4018
909 2988
1816 2279 2624
1738 1611 3940
8924 473 551 1363 1547
900 384 4534
861 3536 3860
911 1495 2606
1709 560 2150
3618 1937 5157
1774 1996 2020
901 2838 2923
1756 852 4014
1822 2190 3024
4432 1334 4392 4602 4864 5113
1781 1064 5232
3591 4051 4776
4482 3261 5226
901 2887 4457
903 4932
27735 297 2056 2216 2340 4020
3535 2003 2288
2700 2681 4353
4485 986 1323
1834 1277 2318
1800 343 4639
4511 1182 3436
9786 131 1743 2509 2872 3344 3494 4780
268237 877 1075 1562 1951 2495 3436 3889
910 589 4401
3641 2671 4942
861 67 4286
1825 808 3124
920 2318
894 2262 4430
8051 641 764 1301 4999
5382 2165 2760
5339 642 4600
1794 3699 4121
2666 2056 2848
1827 115 247
1821 2730 4282
2678 2178 2913
1779 2381 4951
7093 1243 3853
3529 1156 4768
922 109
1841 2742 3506
916 407 2164
1783 1817 4125
1807 3257 4362
12536 514 3943
926 2705 3340
925 245 2391
2734 55 4365
880 634 1553
1815 517 3762
878 1892 3115
1750 3388 4246
910 4134 4332
3636 3793 4864
924 4019 4033
75377 96 488 1495 1945 3163 3466 4345 5018 5095
2647 183 1218
6256 459 4143
1830 2141 3019
850 1776
3589 3184 4483
904 3511 4895
1771 638 4820
1667000 197 979 980 1385 2790 4409 4655 5029
4406 1956 3791
902 4086
2591 876 1107
2682 896 2850
1766 827 3259
2670 4076 4196
886 1533 3359
7143 412 3625
889 4643
913 736 4180
3545 668 1510
925 4993
4449 383 1827
1784 206 1260
3591 300 3887
2663 1072 2191
906 1748
1749 1825 5046
908 333 4308
2731 351 528
902 3238 3774
1746 771 3915
1800 883 956
10754 1207 1797 2059 2339
4503 912 1385
4533 760 5108
919 2751
1791 3346 4550
2670 390 439
1813 1620 4546
3623 336 2725 3639
3562 2597 3539
2698 16 4995
5396 2028 3034
3583 474 1680
902 4592
719040 474 597 804 1526 1700 1862 2749 2906 3311 3460 3859 4011 4841
1785 1368 3370
880 2650 3794
1795 3660 5163
2630 433 924 4605
1814 1576 3140
891 1555 4765
40241 132 381 860 1053 1200 1526 1909 1936 2969 3354 4085 4240 4595 5140 5153
4547 1291 4346
909 677 682
883 2209 4015
15313 654 3436
1813 330 1734
922 3639
1743 3435 3893
2665 3567 4039
1815 2220 4241
16844 2498 2770 2825 3060 3247 3372 3947 4554
1763 2598 4923
72592 1125 2646 2647 3263 3675 3996 4991
1812 372 2979
128224 139 885 1818 3123 4727 4918 5104
1803 1526 4445
2647 3503 4932
1761 3155 4128
1799 2155 2884
2671 2110 5108
4427 3562 4424
2727 3249 4208
920 836 4297
884 153 1934
6343 1293 1374
1773 911 1896
46405 2745 4373
2694 2056 3477
2756 4638 4966
2671 1395 2786
1770 257 592
2695 2879 4655
917 1173 1521
1791 556 5212
5322 2475 4241
1749 9 4318
67586 1251 1395 3389 4360 4463 4992
858 2592 4885
1710 32 2245
2701 3318 4695
866 1515 2675
895 4691 4907
1832 1245 1390
910 65 4170
5361 337 3557
2722 308 555
1803 590 3105
917 2724
3592 605 2318
1772 1362 1427
8127 2440 4328
6311 326 1756
1731 2075 3378
916 1969 4555
1784 2615 2864
1780 4836 5201
923 2224 2648
910 3266 3755
1756 1557 3948
1776 3580 5008
2672 1757 2174
2668 2099 2300
1849 122 4948
905 1551 5170
2730 109 2636
3611 2655 4394
1797 1365 3704
1818 693 1646
4482 1592 3863
1772 2556 3742
3605 1092 2422
877 2438
2724 2069 3003
1806 683 2316
21413 213 787 913 1362 1833 2076 2827 3731 3991 4397
3512 2152 3427
911 2149
1840 2902 3670
1799 1163 3009
898 1157 3766
894 2689 4856
8026 1856 4683
901 24
3548 4165 5184
9799 1677 1939
1752 1272 3887
1800 1162 1813
1776 880 2527
2689 1585 2699
6324 817 4328
1830 1723 3614
3593 2601 4577
6241 450 1461 1820 4325
920 788 3714
863 1508
4498 3006 5225
1785 2625 5166
2669 2641 5138
911 2952 4971
1794 1378 1628
1765 1497 1635
6246 541 1075
32897 909 1456
870 3699 4751
918 1988
3502 665 3963
2644 631 3771
3594 1660 2977
854 3352 4071
875 3409 5117
891 2493 2627
917 1823 2301
875 452 1989
1765 4292 4864
14315 13 89 3418 3575
2616 3013 4469
899 401 2333
63588 154 333 1731 2078 2100 2190 3329 3347 4101 4434 4597
1744 451 3306
3622 2789 2826
899 1246 2047
913 498 1365
5240 561 1296 2075 3445 3923
2681 2267 4689
1788 2622 4891
1831 228 2938
3611 1480 5216
1833 1453 3547
1733 1731 2908
1719 1562 4079
2679 361 5162
916 3092 3828
1783 3023 5106
1826 1267 3646
2693 949 3851
2700 653 4315
2720 3 5087
7206 697 3370 3455 4539
3549 2937 4028
4515 4068 5103
889 540 4355
2641 3217 3746
3564 530 784
25131 234 440 1099
2615 2577 4358
1782 1657 1900
2711 2423 4811
881 188 4036
862 482 1682
1716 651 4269
1790 158 300
1803 1536 2812
3589 440 4580
4525 170 4102
4471 227 3154
3577 2680 3202
847 2425 3571
6327 2159 2660
1763 1111 2401
1734 898 1731
30377 94 358 429 1829 4627 5193
2659 2314 4645
3508 3132 4899
4515 379 3205
2709 2446 3576
1794 1864 4139
3541 4666 5206
4522 3864 4409
3619 159 3763
896 2092 5043
1765 2419 4474
917 1989
888 673 4362
872 1460
3600 506 1868
4405 343 2449
867 2362 2520
1770 697 1568
1801 313 2367
4568 1451 1509
1811 1778 4119
913 3605 4324
1783 15 4747
1778 1784 4053
1770 494 2997
3663 604 3614
856 468 1960
894 624
3578 40 1355
22381 196 2424 2694 2779 3260 3597 3685 3880 4427
914 455 3106
3624 4414 4852
2675 432 1478
2638 1781 2209
1810 4677 5173
1748 3751 4743
3630 346 3776
886 3720
1785 183 770
1777 2531 3678
3565 152 2677
1829 74 4613
1752 826 2937
1798 2852 5142
902 3403
1776 954 2691
3578 2424 4659
3536 168 2605
2642 1551 4599
2711 22 460 2238
2682 4869 4995
3580 1537 2126
903 1124
3591 4482 4607
2652 490 4020 4067
3502 1597 4326
924 517 3581
912 3227 3355
10820 299 1346 2163 3673 4191 4257 4283
884 4943
1789 3223 4658
4490 985 2231
850 1459 1660
1771 445 5080
1780 117 2164 3679 5205
2706 559 4675
1816 1460 2735
908 4916
1823 4145 5069
10624 147 1261 4863
921 733 3832
815 4212 4531
891 540 1818
2691 1056 4589
3623 4731 4897
809 2460 3086
4461 1230 1343
2668 3179 4905
2641 1367 4718
4442 2476 3077
2699 3074 3763
1800 2437 3165
907 3461 3711
2713 2526 3178
8000 1525 4325
42948 1014 1643 3591 4791
2706 343 712
2733 1342 4416
8884 701 1750 3668
1759 375 1110
850 180
1782 4070 4129
875 1174 3948
906 3438 4618
3628 474 4402
2703 2135 4156
1781 168 1344
90997 326 335 581 1379 1596 1609 2277 4396 5150
4496 1478 1819
2662 960 1542
4431 2352 3839
2652 1927 5124
2681 406 775
3531 3569 4933
891 1240 1497
4468 1247 4443
4460 3436 4777
2668 275 609
860 301 1759
880 295 2272
6260 2281 3135
1791 1054 3196
1802 373 4582
1821 3924 4402
896 2022 3449
902 2990 3315
5348 133 3736
1833 392 2182
1787 502 1205
899 2166 4281
905 1954 4452
1820 5044 5184
2694 649 2845
1847 1736 2382
3605 630 1924
1727 369 1872
901 3152 4884
2671 1659 3263
844 2997 3420
4504 3267 3360
2666 73 4935
682617 174 176 437 668 1367 1700 2056 2132 2154 2188 3782 5156
3622 1387 2555
855 2940
2662 737 3512
1777 2976 4618
2622 4660 4754
2625 2133 2240
1783 2000 3996
1774 331 3183
2679 3689 3933
2638 2053 3586
1774 1315 1717
2714 1068 4296
1715 3365 4827
2617 131 4510
1844 922 3776
889 397 4431
899 4425
2637 599 1132
885 3890 4882
7925 67 367 3649 4680 5138
3471 2868 3435
906 3527 4775
5356 724 1157 3766 4405
1806 304 4093
886 1300 1752
5362 2530 2657 2834
909 1606 1818 3123
906 461
903 2298 2901
1787 3312 4562
1824 2771 3675
2713 357 1811
896 1159 5077
4525 2441 2752
4530 14 3005
4469 1495 4561
2683 2936 3479
2614 2299 4621
922 655 4198
17014 120 1557 3752 4564
4443 2670 3594
853 4154 4179
917 125 399
902 712 943
2745 858 2817
2615 1320 1987
1770 2867 3261
909 1084 2450
872 631 4617
897 3510 5209
1778 841 4406
882 2676 3613
904 4771 4808
1820 159 3894
912 3484
2660 325 1847
886 1816 4139
4465 1833 5158
913 2083 3933
1754 1186 5105
6270 1455 2203
76687 2060 2331 2424 2847 4138 4227 5136
1685 705 2734
1802 4861 5210
3569 3652 4186
113365 323 415 1818 2974 3347 3500 3659 3783
5322 284 1699
3578 3436 3507
1768 2490 2877
1810 4584 4970
3545 2812 5196
895 557 3894
3549 2592 2890
3531 3539 3926
852 1025 1806
11626 1 2878 3980 4088 4650 5044 5184 5235
8976 73 816 1006 2340
1737 2827 3566
1802 1407 2519
902 1053 4583
3621 228 1872 4662
879 216 4079
1732 546 3701
1813 4048 4051
7166 408 1916 2113 2123 3417
2648 77 1213
909 305 4995
3516 1913 2318
924 1067 2855
5359 1971 4901
1738 3565 4349
1830 3277 4922
2715 1998 5198
3530 2720 3369
2637 4154 4218
3549 2403 4655
1792 4346 4788
2661 2966 4158
887 1500 1883
1770 4148 4728
3653 1370 5072
2659 2716 3510
897 3011 3635
1803 2207 3296
882 2926
5466 1343 1633 3198 4346
896 440 5215
1812 3651 4394
3553 3144 4587
2677 1511 4367
1818 1669 2862
1758 4410 4893
1779 2340 4431
1777 1491 4833
6302 98 632 2075 3445 3734
901 229 4449
3664 1152 5096
910 213
1796 686 3774
859 1218 1982
1752 1377 3592
1774 1434 2041
3609 176 1340
1820 3371 3474
1746 492 3200
30180 1070 1802 2164 2907 3266 3301 4738 4849
902 781 2463
1809 3824 4630
905 2282 4277
4589 368 5038
2674 231 3216
2741 1823 5006
2680 2226 3661
4467 1072 3106
1782 450 3062
917 2785
2674 2797 3437
898 661 678
1770 1731 3965
2683 2650 4459
6274 1652 3008
3536 946 2086
7156 748 2055 3907 4223
24194 1286 1995 2442 2450 3408
888 945
904 4304 5026
882 4952
4533 3984 4974
2686 3745 4199
1760 370 4000
2631 945 3035
10747 1270 1275 2845
1794 2273 2505
5369 833 1125
5379 4051 4126
2681 467 2461
1755 289 523
1833 589 5078
2668 2070 2387
885 124 4488
7998 2018 4368
2677 641 2824
880 3121
2678 138 3590
1777 1432 1941
2649 916 1631
3593 104 636
6246 106 1362
1743 2626 4366
3549 2017 3192
3569 837 1041
1739 4319 4876
2710 1903 2143
918 3323 4420
1789 465 4734
910 2604 4746
2568 332 2506
3616 3116 4940
1806 318 2225
14373 187 1429
1800 513 2497
1736 2801 3210
1814 2859 4979
7155 687 1141 2582 2787
892 2143 2708
1824 862 4610
14329 612 678 1306 2452 4241 4999
7176 3767 5093
2678 840 1636
1810 1904 5229
4392 288 2228
1793 1965 5089
3629 3082 4613
15189 150 474 1475 3634 4142 5192
1706 1313 4418
1752 1248 5197
3530 871 1957
1759 1087 2501
160862 355 877 1646 1799 2569 2822 3302 3426 3550 4362 4613 5047
901 3084 3346
3569 4169 4929
925 3374 4382
910 185 2258
136675 612 661 1075 1854 2124 2139 2992 4241 5035
1782 3058 5119
2722 977 1009
901 3544
17957 185 775 1136 1519 1873 2146 2318 2876 4005
2695 256 954
2679 1526 1805
2697 2709 4604
7147 593 905 4149
885 658
12387 939 3352 4360 4463 4694
4465 1906 2736
3566 1148 1539
4457 2609 4184
916 807 3790
909 250 3164
5335 1216 2914
1776 2152 4750
898 1560 2283
16958 320 360 1036 1225 2854 3261 3370 4970
921 1633 4788
848 1504 1728
7131 1112 1968 2320 3141 3376 4511
10678 431 1255 2657
1778 2597 3635
878 824 889
901 3191
837 537 2180
5346 3727 4599
16131 1139 1501
2686 2038 3077
1780 3102 3638
2658 994 2125
1761 1959 3039
1797 429 518
853 4462
1814 2296 2431
920 2900
2637 4293 4528
1805 1169 4173
5360 743 1537
2681 2047 4965
2741 20 4357
16193 1525 1801 2003 3419
927 763 2686
3479 1228 3426
241472 497 818 901 1115 1385 2790 2803 3602 3774 3778 3852 4175
4460 1292 2318
2693 2834 5058
1803 1413 4170
1797 1066 1552
1798 1697 4515
1824 1505 2546
1794 2678 2728
3589 2154 4891
891 413 4272
3608 918 4491
22390 1349 1583 1797 5141
900 149 4180
1763 477 3509
1789 1438 3957
1761 1051 1506
1851 1224 2119
872 17 1603
3621 3275 4247
6210 718 4526
2735 1460 2466 4420
5402 66 2198
1795 2852 4399
884 3483 5054
2701 617 3705
11587 1546 1786 1931 2124 2325 4473
2653 3606 4925
10708 1095 3624
3484 1129 2992
2682 1122 1168
4496 3094 4991
3510 2743 4934
5258 3902 4438
2625 2354 2542
2705 2630 3763
906 2173 2277
3625 165 2410
3564 3195 4629
3578 2193 2455
1817 722 997
9777 104 1213 2905
2755 2586 3048
889 2545 4514
1754 1855 3866
3519 62 4298 4574
894 888 3918
898 381 2037
2649 161 4866
906 1332 5097
4402 37 4646
2745 868 1857
3577 445 682
1770 3492 5180
880 4269 5224
1777 1191 3093
4407 1656 4056
878 1758 2000
1806 601 2948
1764 3796 4219
2673 3141 4865
4467 325 4472
935 3140 3401
5367 2417 3118
3590 257 2374
1830 276 1026
1773 3128 4297
911 3962
2733 2002 2096
905 4815 5089
863 1513
891 1416 3819
2735 1275 4801
4486 3169 4990
895 862 4259
1810 2806 4699
3561 2607 5065
3624 2103 2421
877 1526
2682 2194 3001
906 1674 3692
3502 176 1100
2703 1886 4066
1803 3797 4449
909 692 1032
927 101 3637
1836 4222 4483
2683 2424 3511
4476 3174 4932
5309 3589 4670
2692 44 1630
2669 1405 4565
2665 4989 5167
5347 551 2757
5410 272 1465
149915 724 1087 1115 2047 2407
927 1573 3810
890 1413
3515 3183 3979
1800 17 3831
1796 2180 2582
883 703 2782
3544 1693 3060 4640
859 385 5083
2652 144 2468
1790 1091 2086
1808 2208 4898
2610 1488 2266
1772 1573 1975
1828 4064 5075
4495 628 1893
4439 3818 4904
888 1002 1310
889 205 4297
4450 645 4888
896 3472
937 3576 3615
1763 663 4984
870 525
4427 1343 1730
2709 992 1047
2678 1263 3788
893 3973
850 1273 2847
3569 2928 4544
1788 4084 4914
3555 1922 2201
2678 2223 3438
6213 3081 3457
5305 81 1097 1246 2047 3859
1786 2457 3700
1747 1954 3926
1769 1510 4294
1797 2977 3454
891 1158 2067
3624 519 3834
1777 2199 4386
4482 183 1257
902 2084 4605
899 660 797
4401 2094 2107
3622 2249 3196
913 4511
2690 1437 4056
1820 1744 4598
3631 774 2286
9785 2014 4739
19701 1921 2666 4534 4613
11646 671 1137 1826 3110 3650 4215
2678 1159 3530
917 2618 4599
876 2797 3785
1761 4115 4437
3513 142 1679
885937 97 673 1315 1349 3426 3436 3758 4498 4613 5029
5339 4513 4932
2746 1865 3401
883 270 5080
4416 2968 3661
914 1096 3598
909 162 2707
2684 923 1846
2696 197 3888
907 28 3910
902 1829
1782 769 4487
1759 703 1414
902 3065
1781 1676 5149
2703 1082 3101
867 2331 4227
11659 1219 2723 2885 3474 3626 4385 4497 4784
1813 4491 4877
1788 143 4057
1804 4050 4058
829 342 3772
1819 4242 4719
13451 66 2289 2315 2689 4702 5200
888 724
887 1461 1820
2691 2694 3219
3504 2401 2906
4444 686 1050
895 4411 5099
2709 2005 3436
1769 1796 2717
35555 285 1526 2493
7151 2279 2760
877 208 2529
3597 164 3025
2705 257 928
2710 2687 4415
2637 4552 4837
1769 640 1753
9787 1495 1639 1720 4006 4073
4486 734 4072
2647 1043 5147
2672 2153 3405
4555 1069 1852
926 489 4144
3575 884 3815
27704 180 1389 2084 2811 3605 4324 4791
1783 2829 4933
1810 2572 3467
913 1043 1133
1800 913 1533
1766 3443 4010
4395 3033 5024
912 3899 4104
2667 3118 3268
1816 3129 3597
2703 1046 2479
3575 1901 2236
1784 2511 4180
839 3267 3472
880 3377 4737
3581 688 3352 3653
1758 57 3458
42034 1783 2318 2621 2687 2842 3195 3427 3809 3828
3608 3245 5073
885 518 4156
924 2359 4750
1742 619 625
4443 616 2658
1742 1749 2904
2716 4189 4425
3614 317 3470
4498 2466 2479
3571 1037 2592
1770 2236 3130
876 4340
70842 388 683 959 1023 1089 1895 2010 2068 2069 2334 2404 2520 2926 3534 3725 3821 4857
3589 1362 2535
5406 162 2629 2981
10814 1108 1279 1507 5053
893 3829 3965
2708 954 1039
8943 442 1884 3272 3493
3616 1162 2795
2629 3974 4140
1816 3763 4698
3622 1732 2002
2649 3487 3539
1788 1229 4973
4500 4592 4800
2703 1126 3033
2668 1515 3666
865 32 3733
2670 1580 5128
1768 2403 4906
4510 2718 4033
890 2507 3721
2633 1055 2669
1777 1666 2890
1806 680 1640
897 1113 3062
1775 139 1231
75367 139 2068
861 1850 3009
3562 4513 4836
20524 1669 2400 3266 4486
876 4621
5370 404 3821
3579 92 1524
938 2941 3100
20549 1138 1271 1313 2856 2959 3331 3470
1772 1118 4792
1800 3141 5182
907 2587 2908
1786 843 1484
6203 1444 2785
3528 710 1660
3632 2953 3436
2718 1352 1574
2726 763 2752
2718 1446 2617
4471 2053 4731
3603 1268 1714 2881
1802 1788 5064
1773 835 3773
3633 1686 3222
1801 4114 5132
3615 2773 4441
70449 54 551 1034 1343 1425 2003 2241 4409 5021
2673 1324 2091
1796 2748 5154
3617 680 4599
1781 3469 3895
3562 1566 1797
3567 4084 4180
898 1749 3314
2713 428 1022
881 2753
3536 3134 4920
910 1378 1496
1808 3145 3945
4448 2203 4660
1813 1980 4789
881 3759 4809
1824 1014 3088
836 954 4823
3555 2190 4246
1727 549 3204
2708 788 2899
880 1328
4466 2315 3246
2631 3035 3353
877 1243 4375
920 2738
1832 807 4826
2673 1625 3813
2641 1006 3044
916 1283 4283
165757 697 1149 1364 1498 1829 3035 3261 4135 4392 4703 4770 4864
2666 951 3955
1751 1288 3577
1819 959 2648
852 2155 4543
2747 645 2880
3674 3431 4608
1755 919 927
3621 1599 3763
919 3822
1795 934 3545
3608 843 3730
1735 1303 4453
1701 1400 3356
3535 905 1278
879 739 2372
19593 1276 2014 2109 2972 3986
1800 183 554
920 454
3467 975 1526
1790 416 5190
5414 2286 3867
1777 3664 4061
902 1821 4877
4407 1276 3160
1677 1116 1930
2619 1523 1730
3604 1177 1200
886 84
3540 2762 4406
908 728 1199
1822 563 3513
1820 486 3337
3653 921 1607
3582 600 2759 3554
1804 3914 4913
3562 155 608
2702 2227 3563
6286 1749 2579
229838 97 284 678 1124 2002 2012 2993 4562
1810 1125 4262
1784 3316 5108
4482 1841 1859
4476 1436 3335
921 3866 4025
917 1295 1553
1820 892 2284
4477 2335 4403
928 522 2489
5310 2184 5237
917 1780 2571
7122 672 818 2412 5154
898 2424 2553
1781 954 3900
60516 1654 1853 1872 4478 4484 4904
885 828 3130
6367 253 2118 4297
2677 3584 4890
908 2461
182952 751 1261 1590 1736 2056 2279 4429
1795 36 882
1774 852 4787
914 2448
17918 326 1501
2623 804 3390
910 2016 4067
3640 1447 5028
859 1738 4727
1803 1321 4748
4527 2153 2190
910 1224 4723
1751 142 1175
4493 957 1589
5376 1362 2789
857 432 3200
869 341 3253
1764 700 4374
1801 978 3085
918 2584 3305
3604 724 818 1391
2533 1061 1690
864 2213
892 989 5132
2628 1651 3230
1810 3817 4804
7070 1787 3051
3567 753 3493
1822 4198 4864
20638 395 1075 1355 1361 2012 4562
45841 195 628 1076 1553 2645 2920
1817 968 1808
899 2118
2745 1451 3491
2641 752 1534
4531 55 1360
901 1541 1769
3547 492 1307
883 927 3362
2689 1612 2330
2699 3297 4933
2650 682 2973
84100 871 1261 1736 2130 4215
3611 988 1880
15213 707 2662
13507 2458 2488 2503 3080
23134 658 1477 1513 2264 2582 2954 3080 3440 3707
2631 1269 2649
913 3079 5011
902 2531 4549
1780 2731 5085
1800 4384 4563
4570 1384 3433
4434 690 1531
1799 1036 4701
2703 1250 3583
918 1920 4242 4675
4581 591 2544
4502 3495 4130
1797 1793 2271
1808 2741 2919
4405 114 2104
1809 262 497
1780 857 3399
1810 507 872
3627 1991 2433
3624 1507 4388
2693 269 961
2706 261 5184
2589 38 4949
1726 1517 3706
905 3159 3626
1806 1605 2971
1773 753 5098
2719 717 3953
880 1357 5092
2663 3956 4664
3627 2902 3800
1786 215 1317
1722 435 1671
892 1107 1870
3643 4215 4764
2718 1063 3687
1773 1861 3327
4503 3551 4704
880 3041 3242
5446 1663 4191
3612 95 3381
876 1534 3523
1774 3033 3177
1748 3133 3166
2689 534 2945
1809 1951 3570
31051 1616 3979 4001 4390 4409 4419 4565
2692 3898 5034
2662 2764 3839
2689 778 3518
827 2665 4818
5480 2856 5037
4444 2386 4140
4531 1755 2674
888 2576 3814
52598 1264 1906 2348 2895 3217 3479 4651
1771 1381 2033
880 1066 1540
4510 183 1063
3551 1838 2444
1812 3217 4885
907 30 2385
2618 2767 3938
2697 461 4574
896 2523 3088
903 163
867 1968 2274
9768 2340 4683
909 4274
903 3631 4835
921 1512 2284
3507 560 764
1781 4356 5187
5293 2170 4501
6179 694 2018
3576 1266 2968
1754 132 594
2727 894 1441
886 2808 3296
3566 2198 3209
6289 4601 4974
1765 2677 3657
923 740 1106
1790 697 1274
901 3216
905 1609 2910
2621 723 3954
35772 966 1557 1741 1890 3040
3567 419 3678
900 979 2068
876 3992 4194
2616 4533 4821
3477 1304 3744
3584 1248 1511
1806 3043 4047
2722 1389 4713
4452 1903 4178
1753 1716 3693
1776 447 1532
3578 3186 4842
897 4972
25012 113 1030 1561 3472 3539 4343
930 3850
1832 225 5132
919 303 852
5347 448 2450
2676 670 1235
913 1304 2687
1816 1150 2774
878 219
2681 1739 5155
2622 1309 3160
1774 1578 2429
892 701
1819 1621 1870
3619 860 4323
905 3915 4606
3600 1532 4484
2697 153 4554
121678 412 1095 1137 2063 4429 5030
4525 3994 4091
3581 844 3622
5325 1197 4062
2632 3790 4561
2673 1217 3287
2745 316 5176
1795 1000 2656
3500 1142 2435
3537 626 2011
2710 23 988
878 268 2215
880 846 4433
874 1225 1568
7238 626 795 1410 4695
24890 1052 1060 1456
927 93 3877
2637 1050 2576
19625 957 2175 2256 2701 4537
3525 2914 3432
903 2454 3489
5249 1597 3550
1809 1035 3488
2653 3402 5116
866 3778 4690
1791 618 2514
3601 4 3321
2657 1038 2002
867 2134 4539
884 3240 4292
3599 184 2127
3548 725 4002
5430 207 3373
6248 2311 3679
912 1081 4467
1725 305 2874
1804 1367 1474
2691 1492 5136
887 4454 5136
913 499 3028
3598 104 2819
1794 2983 4588
880 1048
11549 1234 1249 1493 1554 2733 3478
3632 1649 3456
886 661 4241
13455 1132 4360 4499 5000
3620 1367 1992 2244 4946
1760 1253 1874
902 835 4851
5390 1448 2079
2644 2060 3620
2579 669 988
1786 3387 4471
17098 485 877 1349 2234 4403 4408 5101
920 2406
2687 1173 3823
3620 3526 4353
1838 2292 3122
3537 520 3941
880 1104 2017
2670 3060 4505
5386 92 4132
3569 1007 4592
1811 2992 4685
13340 1418 2123
1821 1879 4482
1766 1027 4496
5332 1638 5164
2600 2713 4705
443310 1526 2491 2944 4998
1815 772 4742
888 1912
886 83 3261
2689 64 2114
1743 3531 4599
897 1911 2824
890 1415 3788
886 2354 4994
2716 597 1985
1785 4352 4541
3637 430 4051
43568 419 580 842 1006 1787 1866 3198 4346 4516 4705 5042
882 439 1766
7161 4108 5108
1773 401 4232
1805 2351 2425
1769 3199 3942
219484 735 877 1315 1890 2383 2888 2992 3078 3630 3691 4904
5340 4849 5052
4337 1499 2175
3607 996 2177
3512 1678 2264
4498 2592 2650 3190 4017 4976
14320 371 1124 1737 4268 4298 4594
1791 2783 4098
2713 1170 2165 5092
2682 1841 2554
1748 3715 5108
5442 1130 3543
5452 1124 3020
193597 232 257 642 955 1109 1664 1833 2917 3042 4730 5084
10664 73 2099 4409
4377 1036 1629
908 249 304
7950 1488 3000 3808 4404 5040
19612 421 474 1297 1308 1475 1992 2039 2056 2244 3148
899 177 2186
895 2516 4279
2723 575 4772
918 3586 4579
1828 2411 4033
2669 4270 5224
7244 207 1897
1787 1618 3180
896 1753 2667
99914 595 1514 1624 2989 3539 4541 4932 5082 5128
881 282 1017
3563 440 1655
905 3564 4774
2664 1198 4783
19672 2696 2931 4253 4423 4667
2618 1553 1790
3638 1147 4050
945494 139 164 724 1760 2128 2344 2423 3033 3255 3266 3347 4655 4884 5029
883 12
2705 475 1860
2688 1503 4340
7218 924 1237 1804 4568
1853 225 2440
2693 1115 4210
2744 2407 3138
14264 2056 2356 3280 3407 4988
1799 1476 1986
3552 212 219
8077 1809 2106 3391 4954 5127
1771 1462 4615
881 3852
1782 3775 4179
873 1049 1594
879 3319 3686
1770 2193 5134
892 2089 2726
1784 2007 3931
1787 814 4909
1791 3429 4441
918 553 4492
887 3817 3903
4497 1925 2102
4425 1275 3399 4749
3552 1909 4951
881 2387
12580 727 820 1542 1627 3599 3770
2620 889 4631
824 1338 3013
1797 794 4012
868 5033
14243 1326 3471
3552 43 3161
2657 1962 5214
915 2402 3452
1832 2712 3873
8079 1652 4779
861 2612 2714
881 1006
896 2533 5186
887 232
853 1802 3394
13476 654 4194
4485 4423 4927
896 3485 4939
865 639
1778 2313 3525
2633 596 2440
3574 3946 4620
3557 1079 3412
1814 866 3615
907 738 2481
10758 1803 5179
1832 1530 4975
1798 1219 1978
2679 3427 3910
5295 3295 4627
5329 993 3941
894 2478
3640 998 4125
4549 1102 2222
4478 1311 2611
4433 2287 3267
2621 4637 4862
3657 362 1128
2748 1638 5027
2734 310 2077
2661 1656 2584
7140 535 5222
32032 285 1276 3643 3797
1808 1991 4302
2712 53 5144
897 405 3579
24127 50 356 409 744 1749 2363 2369 2466 3045 4420 5122
1775 275 902
2663 1397 2217
921 3045
1802 1891 5209
4545 817 4271
3628 1663 4060
876 1888 4634
2661 3855 4982
916 2367 3188
6324 1755 4932
1776 4833 5070
4510 3034 3393
2756 2256 3084
882 1297 3481
4478 668 1367 1849 4903
917 1394 3325
3458 1141 2734
3584 375 441
3542 2138 2767
4519 309 2720
4437 4270 4346
896 1736
1809 3450 4579
895 992 2725
2655 2785 3925
6326 14 1970
1799 2828 3977
3484 830 1366
881 3475 5218
873 2174
907 588 4399
1798 1298 4387
15964 1304 3472 5020
4424 2888 3224
153276 76 131 510 917 1572 2156 2606 2628 3672 5172
1838 1017 5065
883 283 447
2642 1036 4586
3495 1351 4453
867 573 2798
17047 707 1099
2726 2344 3786
3588 1388 2128
880 699 3003
915 730 3501
2658 739 4703
4540 957 1161 5053
1745 277 4959
5425 362 2835
2659 150 855
44482 584 1235 2472 2650 3217 3794 3970 4319 4686 4733 4831 4996
1827 1212 3304
1738 793 1141
27639 1377 1901 2658 3011
1774 223 969
1815 1880 2453
844 1165
1792 2728 4239
915 682 1784
906 1825 3561
889 215 2013
883 4525 5163
1742 1062 4879
2668 986 4117
8905 427 721
631122 22 176 183 198 684 801 909 1055 1331 1615 1713 1778 1858 1918 2077 2237 3512 3516 3594 4240 4284 4557 4664 4837
3519 3406 4743
2678 3360 5005
907 3705 5146
938 1440 2098
5337 1148 3875
2680 1240 1259
892 146 928
1759 1129 1183
1779 3201 4122
882 334 3137
4483 394 718
889 4073 4127
2679 690 3159
1778 1199 2364
1807 1131 2535
8064 442 1413 1773 4666
2652 3075 5055
3566 3302 4560
4516 1763 4256
4454 749 4293
5357 73 5196
1824 2242 3250
903 3301 4846
2671 2335 3613
1756 246 391
2708 728 5227
31448 63 124 1081 1125 1383 2211 3361 3789 4083 4229 4465 5162
1802 1304 4558
1782 182 4799
891 2820 4032
26862 241 514 1229 3648 3919
882 3560 4720
912 2706 3924
1802 696 3381
3629 1243 4609
2618 97 312
2646 1728 5024
2707 3612 4052
1809 2589 2886
2652 1011 2871
1812 2698 2877
893 360 1274
3607 2271 3680
918 2309 3463
7236 1701 2699 3944
883 1495 5018
898 819 831
1803 996 3992
4495 13 2081
2722 181 1814
871 2096 3936
889 1254 4264
912 4024 4497
1763 971 1932
876 3911 4876
1722 1832 5236
914 735 4166
896 2955 3344
1798 271 3667
851 2389 2921
3591 3660 5159
4374 2506 3717
3583 1108 3927
9861 1095 2205 2279 2620 4429
872 3425 4892
3602 251 1595
942 2882
922 1400 2450
2707 1592 2732
3529 440 4917
4371 398 1282
857 1878 3254
2704 1044 3561
4444 2767 2831
906 2585 3194
2690 3231 3326
1779 741 4842
2723 2268 4540
2692 1167 3996
3612 501 1818 4377
2759 1069 5114
2732 3215 4494
889 440 1227
3614 3370 4844
2643 72 3451
3603 1134 2112
874 4873 4962
3539 3037 3263
2677 1526 3156
3571 1188 2942
870 4586
2687 1375 2623
3571 36 2318
906 169 2501
2673 1256 3342
2681 2172 3436
2664 2256 2571
3614 1377 4069
3573 1033 2968
2716 2263 2779
1806 1413 2290
2661 282 3094
3513 1364 4500
1783 813 4892
3562 640 2472
914 1962 3959
1808 580 698
1821 1828 4392
2678 283 5213
3572 663 5029
6354 3363 3433
151356 1329 1452 2064 2342 2466 3529 3563 3601 4099 4368 4529 4592 4703
1743 917 3538
909 977 3670
889 2078
1825 3674 4839
38447 428 2815 2845 4902
880 3956
896 58 3636
2687 250 673
1768 2129 2872
1764 3168 3870
4543 1305 1833
2687 4032 5029
1767 1119 1928
7201 615 1423
4436 2551 3652
4499 64 1090
2660 1379 1885
3545 779 1454
868 328 2593
894 4661 4712
1766 470 4673
19484 290 405 994 1736 1871 2801 3917 3966
899 3119 4174
1804 4284 4583
4542 1181 1466
4417 1362 3089
908 4195 5136
916 976 2328
3584 3110 4958
1830 1976 4692
2723 585 983
1824 2307 4042
2602 1174 3040
1809 4171 5169
3561 4487 4498
1817 803 1725
3629 3169 3439
887 891
8893 267 4305
2633 1353 2808
4395 876 1736
2681 174 2706
3526 4312 5030
877 331 4306
1805 2676 4194
4446 3350 3778
4488 1854 2326
2720 1003 2019
5280 3896 5108
2677 1893 3428
1803 4838 5202
15109 1116 3375 3437 4523 4574 4763
913 4872
5353 2500 4028
1807 8 825
1812 41 3248
884 4493
1740 3421 4176
916 729
876 3477 5132
4429 541 1781
23259 176 474 2317 2555 3349 3861 4668
1829 1571 4322
1715 3070 4759
1772 2138 2464
895 4616 4735
860 3294 4183
1791 2772 4609
898 4184 5166
3447 2688 4381
6345 1852 2532
3562 3030 3808
2709 2208 3581
2673 3535 3943
2612 1526 5152
4455 1000 1833
2597 1916 3111
884 1239 3638
880 485 4192
917 2504 4665
1777 7 2870
1818 917 1889
878 2800 3893
2672 2891 4443
935 273
1827 4069 4967
2695 1674 3034
2618 2538 5020
5328 2348 3049
1735 699 1563
4491 1872 2945
3542 842 1062
85602 300 311 342 613 2074 2217 2587 2601 2777 2841 3141 3729 4655 4674 4870 5009
2715 964 2169
1787 4530 4779
2697 188 2852
3529 1848 2056
227969 466 1095 1137 1482 1660 1679 2032 2087 2700 2873 3002 3217 3684 3694 4158
1806 1355 5231
892 1103 1818
3581 1252 2815
1802 4361 4680
2697 1229 4762
5430 2488 3222
886 96 3790
911 867 3891
3515 2043 2558
1756 2440 4351
2664 2149 3246
1818 156 3120
48294 947 1013 1074 1460 2798 3045 3314 3529
891 431
1802 1936 2704
1776 499 2473
902 916 1376
926 2769 4395
5412 1195 1470
5433 234 3243
3547 243 2985
1765 780 3587
865 451 3229
3568 1385 2626
882 3517 5039
915 1782 1828
37848 1545 2026 2532 2847 3408 4433 4805 4888
4519 2500 4296
2659 4133 5158
888 1344 4548
4407 1944 3555
921 5114
907 1131 5144
5423 2103 4180
2670 3718 4644
3698 3835 4922
2685 65 1542
922 2762
2685 1943 3236
1761 135 2124
899 2943 3236
3613 363 1526 3508
1758 2843 4326
921 1086 1798
3525 376 1699
1814 1762 3035
3572 941 3559
864 366 1519
893 3149
927 749 4989
7933 1121 1343
2680 1001 3364
1851 2202 2960
1722 1383 5221
2744 1988 2488
3540 1896 2992
909 1154
1831 3466 4845
1794 4015 4538
1779 908 4957
18775 163 735 1011 2805 4054
1780 1780 4331
15302 673 3469 4357 4937
1833 4522 5184
1825 721 5125
1750 600 1428
11634 1439 2459
897 1389
1767 684 4737
924 549 3935
938 2412 4327
901 1126 2334
2680 1396 3629
4462 5017 5076
1812 506 3031
6274 4130 4409
902 269 4789
3587 1576 2978
888 2150 4235
1812 531 3650
896 118 2511
81315 197 415 501 540 1606 1738 2758
13550 441 3066 4819 4992
909 275 902
1799 1059 5216
2678 1887 5120
1843 294 606
3568 3856 4706
881 157 1520
3585 871 1864
5361 152 5071
901 1634 1762
265378 343 887 1036 2135 2270 2499 3370 3694 4051 4379 4508 4526
881 4120 4268
891 2041 3055
2616 1582 2321
198445 257 532 1362 1649 1714 3070 3652 3689 4040 4703 5129
5334 2607 3263
1784 2318 2915
865 2488 2588
858 2761
2659 1201 2875
1808 2529 2993
3541 3291 5180
3571 1078 1358
4510 4275 5048
6255 3206 4912
1769 3507 4678
899 1953 4023
1827 884 2528
1755 530 4617
2637 1735 5132
2696 1475 4900
1791 981 4961
1792 2122 3637
5469 921 1709
1793 1090 4809
5356 678 1685
2682 767 4229
7119 264 2682
1830 774 2635
5368 1526 2610
5365 1078 2842
1798 1387 2023
2640 1178 3855
2624 176 2418 2749
2639 3780 4424
2689 348 1826
3577 879 2978 3827
1778 1343 2259
2729 3109 4937
4489 357 3135
926 1961 3171
916 1175 1256
914 1660 2599
116902 468 555 1090 1729 4484 4498 4662 4955
2682 682 3367
906 1309
1820 4844 4969
866 2456 2472
1782 3741 4998
925 1598 2781
931 1327
2713 1138 1516
3590 2497 4056
866 3707
1798 573 4736
13388 960 2485 3153 4493
1771 1655 2206
1788 805 2254
1789 1822 3572
855 1467 4875
924 1720 2861
42826 1229 1349 2558 2888 5199
2694 1464 2950
1806 126 4533
3587 833 1688
1766 2794 4860
934 954 2320
2659 208 1792
8150 1374 3460
1843 4354 4625
3570 2417 4861
2682 328 5095
4473 935 1514
1742 3333 4261
3581 647 1238
2685 664 3641
856 4509 5059
5352 689 1197
33043 3641 4905
3536 2852 4687
4453 183 1411
5368 3192 4731
880 1337 4528
1794 1333 3127
2645 562 4008
877 4409
1800 2534 4846
3468 559 1715 2123
895 3799 4524
899 1526
1789 3432 5126
1809 1151 3417
8871 870 5222
2661 849 2965
243855 1967 2375 2785 3796 4145 4254 4703 4934 5138
4476 467 4512
3590 1409 3450
1817 22 3185
3565 444 3623
915 1651 3723
3599 3114 3652
842 1061 3147
1795 749 3785
878 1580 4437
1733 2413 4507
907 206 2832
899 2106 3879
2670 183 1751
4528 78 3267
15223 4051 4578
59039 267 2035 2175 4321 5188
1814 3858 4781
2686 639 3989
3595 3145 4662
3570 1775 2356
3502 1767 3467
918 131 3494
904 3531 3755
1812 2482 5189
1740 3872 4597
1819 3052 3114
3607 2546 2888
2714 97 1187
1771 3139 3331
859 1845 3339
889 463 854
1826 3150 3553
7084 140 3841 4651
2620 671 5117
3658 4042 4080
2648 711 2728
816 369 4955
1849 1869 4420
1810 1420 1632
918 2221 4859
891 2494 5108
2659 666 2736
2673 3536 4655
2678 1923 3348
914 700 1208
1796 236 4620
7192 1486 4932
29454 564 2072 2450 2489 2976 3021 3286 3408 3881 4929
904 3065
2695 3034 3841
3603 3682 4021
2695 831 3141
2721 1668 2842
1800 31 2944
912 1441 3651
916 2574 2823
2732 1020 2573
5371 3212 3498
910 594 4552
2605 3027 3791
2682 4485 4498
1808 1340 2721
2709 1394 2500
1718 520 5083
1823 287 1791
171105 295 354 2056 2672 2767 3055 3379 4100 4185
917 3391 4033
2718 1160 1457
1793 1308 1367 3481
1776 4715 5108
1762 3734 4347
4530 618 5198
2644 79 2963
905 4881
1829 567 3282
4470 3125 3379
859 481 780
2664 2434 3285
71251 791 964 1075 1288 2416 3120 3423 3436 4267 4572 4779 4952
2255510 90 721 1006 2056 2505 2884 3694 3883 4409 4429
2744 3014 4317
1786 907 3936
5386 2249 3883
867 1404 3545
2699 2303 2642
888 2791 3782
8948 954 3416 5100
2683 1270 2967
16024 1075 1124 2513 2905
1781 1521 4776
11560 869 1052 5050
3577 4538 4999
1810 1101 4020
2660 644 1321 2050 3811
7096 635 1216
1815 1686 2301
898 79
5340 2239 3815
1812 457 4451
893 1860 4827
2687 18 52
900 2913 4692
2707 1763 2095
913 2995
4530 19 173
1788 3884 4731
835 2562 2841
917 3199 3846
1741 1736 4036
880 1198 2361
1815 2762 3035
920 1939 2175
919 3698
884 770 3156
1777 708 3226
3572 1367 3706
3657 3122 4817
867 596 1831
895 2431 3532
2639 1745 5131
899 4869
1793 2509 5018
1814 2247 4051
145511 303 719 818 852 2412 3859 4327
7108 2399 4184
1757 4383 4602
1754 2017 2903
882 3039 3938
2680 3174 3447
3556 484 999
13431 2459 2662
5376 617 3695 3907 4619 4745
2066616 89 108 210 474 1095 1367 1393 1735 1989 2003 2073 2272 2371 2440 2767 2917 3263 3414 3539 4041 4649 4791 4792 4866 5220
52210 2223 3099 4489 4702 4908 4980
5342 3663 4870
8093 163 4945
3538 536 1312
866 2486 4261
908 2182 5191
9003 1261 3110 5086
1779 1638 3097
861 2256 4297
1789 3071 4216
933 857 4801
74428 954 980 1231 2274 2320 2428 4444 4653
3630 255 954
1778 633 4741
1788 3633 4553
5406 1971 3505
1782 2056 3073
3569 1731 3824
50162 235 305 589 2297 3550 3953 4533 4995
1809 257 4502
3620 1453 1526
1786 300 1641
6280 1311 2620
3551 2214 2986
3602 1575 2766
1764 3303 4312
883 533 2959
1783 861 924
2693 4043 4676
2641 616 828
4468 1736 3533
1777 4450 4571
1791 1403 2302
3553 2615 4557
1756 1007 5026
1806 352 2574
1805 4696 5002
3492 863 4724
1801 2026 3194
1813 791 1577
1798 2212 3358
860 1530 3268
3570 244 1363
909 300 3347
897 3606 5229
5372 1409 5127
4522 800 1770
5306 1156 2583
3601 2232 4131
1794 1396 1935
15088 863 2136 2722 4791
897 4251
2672 1052 2276
1775 202 3340
1746 2269 4203
4480 1612 4161
909 559 4648
1814 1335 3959
918 3395
910 4370 4596
896 4456
1831 1092 1127
2744 740 5035
436300 2491 3207 4643
10787 2289 4536
2687 1851 4071
12437 559 1326 1916 4648
76457 678 749 1776 4241 4574 4989 5174
1781 710 3421
2675 394 4369
2692 1291 2332
5388 1385 1503 2183
911 1647 3015
3535 7 1137 4215
871 5109
1770 474 2338
1730 480 2328
1777 1289 4059
3618 438 1829
7072 2107 2358
895 3925
2665 1479 1703
911 678
1803 4146 4688
2721 134 4194
888 4047 4848
1800 647 659
836 5131 5217
1822 2185 3025
1826 682 4174
1817 2487 3519
1802 4301 4460
1800 259 1747
844 77 1815
873 2452 2634
2666 258 695
3609 920 1105
4461 474 732
897 201 1040
1790 1495 4127
2682 2504 5066
3526 2424 3773
5451 340 4426
2709 3935 4077
893 3506 5155
1807 3732 4641
899 401 4806
254998 117 407 600 2637 3266 3554 3679 4738 5001
4491 105 1357 3221
1781 462 4613
2721 58 4499
2663 2449 3571
1811 1732 3976
6174 1215 4738
916 2879 3725
1790 1622 3096
1796 759 4396
1768 243 1490
120982 1279 1351 1939 2035 4275 4409
907 2833
4496 1352 3436
3555 111 2842
906 16 2874
893 705 823
2630 2423 3121
910 460 2062
874 2128
6168 1085 4738
917 2145 4329
909 1368 3862
933 2791
936 474 2338
6156 4003 4694
18786 29 82 300 1024 1105 3502 4043 4308 4655
1820 155 5133
2578 2940 5153
2707 762 1402
3547 802 2711
1764 2474 3801
1802 2946 4985
1738 3627 4962
4475 745 1221
2661 859 4731
1801 3059 3793
4462 849 4149
922 1789 3961
5350 535 1019
896 2267
1771 1590 4858
883 1885
2712 578 3440
50712 829 1711 2508 2594 2606 4090
1775 186 376
3579 3716 4559
2717 1553 2849
898 2097 5084
1758 1117 4601
4422 2080 3217
903 1272 5171
1804 89 3728
3542 1462 1731
883 3766
897 4056
901 192
8053 1963 3754 4244 4589 4601 4916 5043
5444 1447 4409
23453 850 2057 2450 3072 3740
1836 239 4503
892 653 2465
1783 607 3193
1815 1073 4987
5269 665 3263
1793 2557 2715
1770 4281 4613
3623 404 3803
2707 2105 4854
862 3844
1817 1315 2460
1815 4194 5135
2687 935 952
875 1526
1782 392 4664
6218 2021 4371
3536 480 3217
4452 1006 3402
928 1548 4301
1789 2722 4880
893 1308 1367
2582 221 2758
891 22
935 2046 3220
4506 3496 4925
4502 864 2006
3503 3166 5161
12587 2968 4257
884 2823 3042
1786 2813 4323
892 1886 4385
3638 2893 4384
33971 1279 1473 1623 2065 2548 2657 3132 4297 4331 4878
1826 3677 4339
1821 677 3537
897 1866
1768 2892 3144
885 3535
1819 103 3000
1802 1626 3334
61077 1141 1353 3080 3654 3838 4155
1817 2675 4021
1790 830 3805
1794 306 2204
6214 1604 2561 3679 4574 5033
2609 2111 3261
2685 1829 2756
2690 1154 1569
1771 452 2056
895 627 4114
1749 1208 2068
902 3652
1769 2109 2898
908 440 759
1810 39 4988
19674 71 910 1095 1590 2413 3392 4804 5177
845 3944
7145 453 2696
1812 603 3187
889 696 4194
921 1082 1212
1821 2679 4707
4525 868 1057
3538 1449 2560
2663 90 2327
9890 900 2121
910 1627 3770
9914 2574 4396
911 1319
1768 3517 3641
1788 3738 4590
2729 4279 4300
2733 714 2992
4566 2075 2636
879 503 4459
3501 512 4932
1811 244 3937
910 294 2019
2674 2089 4253
1827 2008 2376
7193 2750 4190
1777 3004 3881
896 2825 3600
907 1670 4984
906 3765
1832 1570 2819
2674 2566 3691
5347 1294 4587
897 2332 4146
2696 1433 5108
3575 344 3035
5346 900 1028
894 256 4569
9918 1700 2555 3038 4697 5021
184255 37 93 102 231 562 682 725 941 1619 1835 2494 3151 3169 3274 3299 3539 3542 4423
3564 33 4717
15981 700 1895 2068 2840 3632 3681 3829 3886 4569
3487 1832 3274
1752 2568 2596
2666 3540 5017
1802 4 4930
2685 749 3484
3561 1685 2419
1762 2288 4372
834 1666 2133
1793 3209 3982
1793 1134 3181
1780 536 893
1793 2127 2312
1802 299 3975
889 954 1808
3565 1083 1550
1790 2897 4303
917 3279 4374
875 2132 2188
859 163 4054
24970 89 551 587 1209 4409
1828 3090 4577
4425 1638 4757
2617 3224 3726
3623 1385 1502
2698 3630 5109
1769 2683 3410
2720 3005 3395
6249 1197 1727
1829 3354 4936
871 3718 5121
2674 1347 3239
5356 443 2682
2656 4236 4594
1751 757 1339
5376 3087 3946
5337 1393 1943 2728 3197
2677 2438 3652
6190 2136 3521
1849 944 4766
842 4992
895 2033 3746
1743 359 2483
3594 1460 5075
2680 1540 3416
906 2927 3257
1764 4713 4765 5184
894 361 1469
1729 2970 3886
1775 1460 2737
1813 2747 4027
3598 2056 5008
913 1051 3652
4451 3916 4420
2710 787 3229
4416 1923 2468
912 2303 3386
914 3491
1774 3473 4706
1826 4135 4760
878 4489
906 112 2864
921 466
6273 1349 3335
1768 2990 4153
904 1203 4252
5348 1194 4925
4465 633 1412 2579
7049 2720 3876
1744 1586 3108
2629 3901 4667
860 122 4137
906 5140
882 51 3352
1751 3485 4724
3590 2922 3043
2723 3825 4960
1837 3439 4752
1795 4455 5175
6203 2048 5225
1745 983 4793
2621 341 904
891 1421 4485
2645 570 972
1841 954 5110
1823 2631 4277
1825 1316 4080
3647 818 1392
1812 4575 4864
4520 3708 4066
2707 760 2761
909 1372 4834
4552 1087 1807 2047 4546
2649 1933 2279
884 4422
2689 3125 4314
1782 2002 4915
4463 786 1899
1732 1862 2443
2675 353 2326
1736 4046 4118
2705 800 3890
2690 253 4525
12552 329 1385 2181 3026 3152 3860 4111 4699
109855 372 389 536 810 1088 2158 2731 3205 3652 4211 5136
909 339 1347
2691 3028 4733
1780 3922 4480
1786 2068 3441
2684 1254 4051
1728 2754 4500
918 714 2042
4472 2434 3338
4544 1160 3436
3578 2001 2432
7162 1269 2811 2960
1735 2935 3113
899 424
1813 254 2357
2662 30 3066
23248 233 1390 1434 1746 2056 2536 5012 5013
5416 508 3034
3583 618 4959
894 2418 3868
4426 1201 4710
2676 3850 4516
3568 347 4556
883 4014 4965
1820 1098 2773
3521 358 2168
28753 522 618 1247 1594 1971 2223 2514 2631 3298 3617 4172 4183 4978 5004 5062
883 2603 2802
1795 661 2151
913 1516 3696
1776 1281 4165
4464 762 3472
845 1876 4996
2679 853 3103
902 1140
12519 1803 2054
916 418 2234
1775 630 1094
1802 4521 4726
897 601 2948
912 1703 2678
881 2225 3400
17054 744 950 1460 1638 3856 5076
1786 2888 3969
3514 827 2375
2699 3241 3448
903 4090 4898
1844 3462 4573
25075 1511 1631 1876 2629 2922 3761 4125
2649 1752 4686
902 2195
4402 217 4358
5345 422 3141
912 5211
1805 1445 4247
3603 934 950
4450 3123 5219
903 1438 5141
2712 1947 4094
2621 2362 3033
1823 3921 4081
1780 1884 4883
1757 2061 4663
2701 2147 2964
9952 1140 1742 1791 1836 2588
1829 1084 1971
880 543 4658
438524 1331 2120 2627
4442 3035 3451
1821 293 909
898 1964 2318
2665 97 3532
892 5042
2697 655 1881
2640 193 2545
7288 1829 2643
14372 1692 1764 1986 2785 4286 5138
875 672 1620
911 3928
1762 1140 4725
1788 1718 2157
2715 627 2003
3461 651 1588
1761 974 3970
921 2208 3538
883 96 2045
5371 2932 4627
895 936 1817
4494 3666 3996
4483 2012 2664
891 1286 2450
2679 3652 4163
877 1369 4226
903 4678 4896
4434 2604 2883 3766 3774
2690 553 4227
912 359 954
2724 4656 5014
1837 3072 4164
1794 1206 3702
905 54 4419
4470 2917 4289
1809 426 3737
2660 270 4646
911 1846 3371
905 911 1839
875 500
906 382 1144
7246 1709 1763
1796 1426 3010
2708 1915 3266
2699 955 1541
2623 2440 4543
1816 4388 4818
1713 1726 3069
886 3913 5152
3503 2637 3016
5411 3034 5143
3543 757 2854
4444 2703 3522
5431 1152 3033
1755 766 2498
2719 730 1950
885 3774 5058
880 2256 4802
905 2770 2911
849 3218
3518 1653 4216
1773 3320 4531
915 1088 4436
1765 48 1358
6315 475 1700 2317 5194
862 252 5190
2692 2229 5132
5273 1745 1890 2608
909 3123
2660 2287 4272
871 2268 4303
873 2030 3141
883 3949 5194
1712 4363 4611
865 2791 4664
1742 2310 3501
2670 4245 5226
875 2322 5111
2723 673 4307
2703 2781 3568
1776 1086 1623
892 926
3646 1980 2795
18090 1979 2092 2291 2744 3476 3867 4300 4703
3574 22 4742
1757 1196 1278
1782 327 3463
1853 3877 5108
5370 1074 2387
1799 2793 3998
2680 3033 4285
2709 658 823 1141 4725
6182 2104 2968
1812 1114 1454
1765 1601 3214
1849 765 5079
1827 991 1731
16964 1836 2488 2673 3845 4190
2707 1565 3533
854 3324 3404
3580 3247 3870
14273 220 547 951 1354 3217 4976
905 1657 3146
61375 2208 2606
862 4175 4405
2633 2322 5174
2707 171 702
2694 194 4400
921 1871 2852
894 4258 4673
4506 274 1731
892 4703
874 2451 4470
1800 650 2518
4455 390 2823
186543 76 1495 2208 2594 3060 3855 5172
4472 799 1834
867 2558 4973
3545 691 3442
4475 26 1858
3589 1448 3801
907 1424 4448
1803 3611 4651
4547 3529 4623
2668 237 2090
885 2659 4339
1828 998 3950
861 873 3080
4529 2830 2949
7194 1590 2079
3653 941 4726
899 307 4294
3594 1618 4613
914 71
23189 279 2657 2994 3497 3717
2659 643 1760
876 293 2491
1795 1495 4709
11641 956 2472 3053 4162
1791 758 4921
2749 2405 2450
1797 2729 4177
880 2638 4813
907 2151 4310
905 1857
3648 247 2297
4419 2164 2540
1767 2633 5061
1795 3137 4034
863 3830 4075
1786 67 280 4527
3568 2008 5029
6360 2499 3708
3603 4237 4925
3568 1125 4122
1713 195 5208
1762 195 4983
894 239 1039
1770 1142 5094
7088 178 614 1354 1511 3911 4722
888 3255 3441
874 4110 5151
1733 3112 3645
5226 4381 4932
4511 248 3455
892 1268 4759
146011 47 500 701 2256 2625 4184 4346 4409 4441 4878 5029
20452 946 1514 3471
1776 2616 4581
7257 340 5178
1802 3628 4958
14310 1139 2054
4438 4150 4211
3586 2513 4121
1742 1192 3398
9070 870 5178
1804 1376 3833
3528 2815 2918 3665
1772 975 5097
3520 515 4318
2743 99 4711
116168 1989 2767 2792 3263 3267 3308 3682 3996 4650 4735 4961 5184
7994 2588 3081
3628 1195 4790
915 223 2265
889 526 1683
2666 383 1223
898 731 2464
2744 2285 2852
2675 338 3142
1810 91 3227
6256 1856 2352
872 2346 5051
2710 4025 4716
6299 2842 4072
819 722 3027
3624 914 941 1249 3809 4423
2584 1708 4873
1786 263 900
881 38 3580
867 388 2970
918 3138 4889
3649 3110 3553 3650
3620 372 903
1811 4350 4843
10786 1382 2281 2746
868 3780 4798
898 1567 3091
4497 271 1571 3056 4322
4488 1736 3989
4388 1279 3804
2619 3563 5090
3545 2543 5232
886 1751 3509
1830 121 3444
1810 1559 1680
879 883 3053
902 659 3269
1821 685 3607
926 3582 4164
4454 2194 5041
2722 1422 3724
1720 1330 4628
1751 1424 5107
916 2229
3561 576 5052
2675 908 2863
3599 973 4748
1797 2939 4260
15975 568 1480 2388 2842
903 1985 4119
2699 2107 2243
12545 894 4152
1798 230 4002
907 170 1484
885 1403 3901
873 3971 4173
14338 731 1518 1959 2356 2767 2961 3551
915 2632 3764
920 110 5208
2668 1145 2424
1804 1595 3842
4453 1304 4320
2564 537 1477
916 409 5233
3565 689 1965
890 2369 3558
1798 69 1031
3611 3107 3656
3540 4035 4721
908 1155 5210
2722 116 3067
2599 755 2753
4496 2574 3909
55267 209 3943
2727 2696 2900
2625 2370 3947
888 1008 3688
924 176 1862
6302 2304 3863
1766 166 3412
3622 508 997
1772 1015 2743
872 2430 4203
1735 4244 4396
1795 2270 4887
4458 816 3258
3436 1818 2245
2722 1070 3057
6225 105 910
1787 1837 2410
119122 1065 1774 2034 2807 2917 4056 4813
911 3318 3982
1766 45 1190
925 3007 4477
2682 2081 4456
84395 1204 1479 1600 1989 2056 2672 2728 3385 4178
1738 3034 3692
913 1754 5235
893 193 2549
917 505 3676
881 1706 5134
2723 1005 2448
904 1250 3820
2727 3841 4160 4874
919 20 3895
3618 1731 3157
892 3459 4919
65606 372 1626 4316 4910 4912 5138
3519 4349 4359
1828 1878 2570
1747 824 3722
2686 1356 3563
2636 3830 4963
28485 610 993 1485 1923 2500 3175 5138
1798 212 3636
5412 658 4714
918 4335 4613
4503 302 1109
3557 139 724 2869 3750
2704 2009 2187 2565 3782 4664
913 2672
2712 2580 3617
924 1894 3848
432257 961 2573 3207 5172
1712 4116 4911
1762 611 874
1772 1500 1749
7156 3604 4732
1745 1721 2858
2648 656 1660
1784 2451 4065
1759 724 4690
1759 3415 3769
2702 1797 3524
912 798 3703
1798 2762 4250
1758 1220 1678
13495 2916 4149 5029
913 3001
10754 924 2435 4107
2662 334 545
906 2253 3712
1789 3906 4337
7998 1643 1739 2668
2619 3420 5138
1825 519 3310
3584 2932 3904
2711 1301 2309
830 1556 4778
916 3796 4056
902 673
7151 1979 2252 2605 2917 3952
1806 636 1337
887 193 2306
2727 302 3095
2609 257 552
920 1487 4669
873 925 4410
3622 2619 4985
3560 1600 3587
1776 1934 3143
1826 2176 5071
3600 500 726
6313 1509 4908
882 66
1771 3032 4672
1775 29 80
3528 3722 5237
916 2320
1738 1731 2030
103969 941 1859 1976 2178 2685 2720 3529 4378
918 1779
4510 4199 5000
24170 465 626 1643 2857 3665 4920
914 3687
63507 536 846 1763 3214 3470
1750 108 2935
1793 2211 3819
3555 143 3498
1795 3375 4141
37588 386 746 1734 1908 2599 2679 3186 3342 3694 3767 4641 4833
2640 4214 4330
4458 697 2542
910 563 4220
6327 988 1193
2670 2845 3162
2651 2800 3710
2712 657 4542
900 2999 3180
899 1889 4136
928 585 3945
3569 2717 4901
916 237 2381
909 4250 4767
1750 4287 4564
874 521
4373 495 4651
887 2790
910 1719
1781 1566 3578
2612 96 1647
4432 1736 4218
882 1296 2179
1806 1838 4785
3613 682 4614
4496 543 1567 3223 3418
2601 550 3278
1790 214 2171
1827 1041 3273
901 1000
1857 1593 5096
1735 2518 4202
16984 201 2003 3113 3228 4077 5132
1792 894 3017
888 1565 4545
1813 87 4248
13380 1349 1494 1890 1950 2467 4013
3644 2909 4941
2669 547 976
1797 1722 4669
894 2260
4506 2255 5127
4512 3288 4834
4465 1197 3241
2683 4162 4848
6266 2336 3103 3679
911 2276 5050
3613 1026 3652
1833 715 2746
1804 503 4017
2717 260 1172
910 2050 5189
847 947 4074
10658 764 2012
4385 176 904
3531 600 3415
872 311 991
4561 2889 3385
1748 1227 3317
1767 2549 3972
918 3641
1778 111 2025
4434 694 1280
916 1835
1785 2809 4775
1010376 1362 2056 2525 2762 2823 3035 3217 3317 3358 3476 3601 3694 4113 4396 4703 5215
2645 2668 4110
2693 1155 3336
2734 1125 4693
870 1586 4004
4501 2395 2472
882 80 3888
3562 4950 4999
1784 3743 4840
24031 579 954 3102 4655
1824 2365 5047
2689 847 3631
900 3540
3467 3328 4125
881 1382
4485 2510 2818
7112 3349 4547
883 4954 5231
1735 2436 2848
1800 511 4971
2653 321 385
914 308 5105
2681 2719 4268
1715 476 2192
1818 987 2989
2706 1616 4370
908 1777 3920
2693 1331 1977
3582 1186 1729
896 2196
4552 3541 4932
3608 781 2463 3550
5429 2619 3068
3577 1891 4834
2618 4124 5016
1819 11 281
2726 995 3079
1775 1141 5170
877 1584 4510
912 3851 4418
1738 3621 3988
3456 3175 4046
1793 988 2083
2769 1789 2435
1804 2728 3173
5366 4035 5093
3564 47 1996
3597 2487 3500
1762 1922 3814
1762 572 3753
1758 2011 3686
41165 881 1217 1625 2251 2583 2992 3380 3426 3488 3885 3975
1830 183 3799
879 2368 2691
924 1167 3201
3622 1052 4719
1769 1136 3598
56212 540 3827 4753
1804 3885 4806
2664 478 1971
2686 290 856
50804 51 1814 1865 3352 3827
899 196
902 3283 4931
2724 956 4755
862 3405
894 1302 4337
1771 3655 4867
4392 1757 3457
2667 2080 4509
2756 3541 4313
1830 70 3656
2698 1377 2941
914 458 2384
855 3181 3366
100008 678 752 1325 1349 1792 2296 2968 3041 3382 3426 4315 4562 5035 5212
2695 1075 1839
2693 24 2625
1830 2027 4568
891 3985 4675
896 367 471
853 3208
1817 2860 3082
2714 1366 2262
1813 802 2810
5455 1736 4380
1829 255 1504
901 25 2305
3605 509 2347
3584 278 4515
892 61 2765
5431 615 3857
889 261 981
2704 2533 4519
1805 577 1514
885 3448 3958
1728 298 1415
3636 2004 4051
879 2129 4982
2633 2540 3254
896 2885 3023
882 3974 4921
915 134
4534 1361 3583
4419 1971 3230
1792 4476 4529
909 315 3017
913 82 4101
2730 912 2145
920 2423
1719 1983 2686
1829 1300 2426
1815 4112 4957
2692 1710 4147
924 1811
873 2837 4202
69506 930 968 1184 1385 2483 2544 2581 3778 4464
37659 173 1472 1725 1973 2441 2541 2768 3713 4379 4627 4651 4968
107943 625 1029 1036 1782 2034 2314 2492 2917 3370 4051 4633 4767
910 4532 5192
2667 1614 4258
3640 2317 4603
905 711 2051
3514 1229 1671
899 1180 2992
933 1362 2252
2706 1236 2395
1771 1034 4596
11696 1460 1463 1749 3932 3995 4682 5233
883 4490
1762 3480 4721
3624 765 3859
4427 1727 3710
3585 34 3942
6200 1121 4710
921 1949
1766 2629 2707
2636 4226 4730
1787 1831 1989
918 2699
1810 2759 3854
858 679 4914
893 2200 3874
9840 193 825 1322 2606 4016 4136
1769 3880 3964
892 609 978
1774 3499 4413
1780 28 3559
2718 890 1972 3717
7215 1819 2439 3548 4807
3587 2742 3574
6318 2949 4945
831 2538 4558
2609 1702 1833
871 2066 4871
2707 2223 2522
892 2073 5125
1818 423 4213
1779 1543 3981
3572 3357 4095
3580 422 708
3578 1349 3957
1803 1143 2953
147062 1140 1141 2264 2618 3266 3878 4068 4599
7112 851 2673
2714 667 2999
2670 4150 4342
1829 674 1473
2716 1113 4398
1708 418 3436
6309 2355 3263
894 1022 1206
3532 1664 3306
905 2341 4615
891 2698 3418
875 314 3427
876 778 4238
3573 754 1628
1816 2826 3136
922 2172 4194
892 2064 4466
4500 3783 4344
54947 2057 4429 5010 5056
855 987 3487
3594 892 3618
2673 709 2926
4508 2457 2897 4574
1848 3305 5139
2683 229 3643
8016 373 608 3427 4766
4500 2739 4601
2574 2389 3266
1809 1867 3324
8141 871 1667 2063 2693 5086
1713 1715 3985
864 2653 4909
1753 2436 2884
2705 1929 1949
917 126 4029
2714 652 5067
1796 3665 5151
8887 786 932 3529 4378
1813 1661 5082
2697 1748 2002
1748 637 2181
2753 1319 2040
6257 197 501 2480 2559
2726 101 3352
3596 1999 2415
3560 3589 4188
2667 26 1912
878 789
893 933
883 952 1091
1809 43 4348
4430 345 2256
850 1185
2662 1016 3319
5375 453 1868
895 3095 5202
882 1536 2639
1829 1392 2692
854 1952 4839
916 181 785
32961 700 783 990 1731 1975 2476 2562 3843 4038 4503 4823 4824 4944 5107
1813 2680 3837
2673 2832 4812
2665 583 2260
2690 1018 1942
1779 2593 4780
880 1930 5167
4392 1367 4182
1775 1785 4613
909 1955 3628
876 2318
890 469 2423
14236 1884 4362 5047
3593 337 3664
2643 200 3679
1769 1615 2037
2745 2777 3810
880 42 3390
1824 1166 1539
3498 1060 1253
8880 1419 3330 4634 4875 4905 4956
1774 2857 3585
3668 131 4826
899 693 4412
2647 424 3871
2650 1185 2250
1776 3534 5007
860 1648
17180 796 1675 2318 3292 3444
916 3173 3407
887 50 1869
2709 3864 4549
892 2961 3170
3564 811 2052
4367 2785 2958
897 4070 4157
926 1184
3625 426 3370
1791 420 4886
884 1375 2860
916 2330 2991
1751 4629 5068
2625 482 821
4478 136 4209
898 1926 4445
4493 1241 2852
2715 2282 3563
1825 1469 4829
874 5136
903 1354 4622
1795 1 704
4447 644 1910
879 2226
893 1601 2095
4476 761 941
2722 454 864
896 2356 4239
6242 580 1343 3997
907 1348 2031
875 599 1110
888 1535 2971
4469 338 3694
8882 3604 3624
2602 1025 4096
5372 346 2424
5369 1843 4504
432993 2120 2795
1741 2998 3442
2682 1221 2329
870 656 3837
2738 3355 4256
6284 1981 3539
1769 22 42
2665 2585 2847
3644 1608 3311
1785 605 1226
203229 324 1197 1202 1511 1736 2214 2240 2592 2917 3882 4626 4783 5207
1760 2550 4636
1815 903 4144
868 2247 4864
889 2165
4547 1003 1742
11614 403 2877 3414 4291
3524 1494 2343
1770 5071 5204
905 2038 3572
904 400 2681
876 2884 5012
1798 1759 2374
3493 1119 3021
3607 1602 4465
6259 4796 4964
1793 3252 4207
878 4307
1783 60 3325
1781 1775 1777
1749 3468 4237
891 160 5058
3609 2351 4576
1786 1290 4056
3583 2469 2895
1774 1180 3758
4523 1756 3847
2616 3281 4137
4489 942 5207
3563 1028 1747
4465 193 2591
924 1694 4219
1841 204 4612
2740 1548 3984
899 3747
897 3233 5230
905 1111 4026
1757 1598 3016
1789 1385 2651
2658 4304 4757
892 119 2365
3596 2757 4034
875 144 3277
3576 372 4460
10630 86 521 697 1036 1334 2269
1816 3436 4192
151091 195 470 1614 1834 2056 2228 2672 3087 4037 4282 4946
903 5203 5204
1800 3347 4355
784815 240 600 983 1385 2164 2534 3080 3108 3755 3800 4498 4599 5045
40276 472 937 1449 1937 2672 3472 3999 4519 4782 4828
1779 932 2098
1765 2708 3384
843 3719 3840
870 3515
866 960
906 2880 3657
4416 2318 2321
4497 742 4779
5295 3816 3876
925 566 3259
1677 2878 3489
1825 2337 5009
3540 1393 4799
3508 3244 3472
920 1998 3998
1823 2980 4378
884 3757 4204
1747 2001 3514
1807 1971 4266
1786 1266 5051
3622 2894 4610
3681 4354 5037
1793 3983 4249
4413 1840 4420
5452 3169 3834
911 4033
832 1705 5090
4378 1443 4469
911 578 1220
1792 1135 3368
1795 25 2450
913 2318 3715
3522 35 3784
1806 600 1549
6242 673 1544 4412
860 2082 3528
2719 1512 3486
937 1114 3104
2669 301 3089
2684 3349 3846
3595 2672 5057
4487 3434 4933
902 2817 4413
4544 176 3215
906 504 5175
899 3552
871 1013 1749
1792 458 4030
886 1077 4352
2643 2910 2917
1785 222 2763
1735 1401 3134
2672 2552 4537
4431 1287 3717
1793 3546 4832
897 648 5122
921 2590 3109
899 1476 3235
1759 1602 4442
884 1178 4845
2675 2930 3425
3631 300 4598
905 3161 4886
2639 988 1952
4463 3798 4925
2626 1902 5112
900 2263 5085
5357 1079 2383
3574 2919 4378
914 1068 4118
5369 2432 4108
1758 1953 4562
869 121 2110
889 4254
3575 1621 2852
866 4754
1809 96 1584
904 4171 4865
893 167 674
91186 300 540 1385 2100 3265
1806 1967 4427
10709 1700 2933 3307 5156
3566 1684 4758
5446 4389 5010
62467 291 688 939 2393 2978 3124 4671 4720 4816 4995
1802 1029 4056
2685 183 2349
1831 400 3211
2617 1049 3563
2645 3076 4518
2697 2097 2917
1811 146 5129
3624 472 1528
2672 2 1553
1719 1133 3652
7233 1637 3539
3559 1788 3684
2613 487 3739
1746 33 2991
1810 1873 4822
891 3297 3873
2638 568 3978
18876 177 320 697 1610 1829 3035 3178 4059 5002
907 598 2528
17762 193 5172
4541 1293 4189
1807 676 5091
2650 1690 2851
920 700 4630
1785 938 4595
881 235 3923
5367 1989 1999
1742 2968 4332
2700 1182 1560
1791 2992 5032
877 4821 5078
2622 3269 3996
5479 2767 2909
889 18 2376
2678 1314 4231
856 127 3872
4415 219 5130
1750 1100 3158
912 1396 1990
2660 2279 3903
3591 1472 4570
883 1428 5001
1833 2115 2347
2751 3822 4087
5420 3622 4627
2658 10 2665
2656 1158 1410
1771 2465 4562
1825 785 879
3545 1284 2241
1790 387 3653
1757 2590 4560
1760 920 2982
4428 1527 4655
1804 1393 3170
104069 618 1763 1971 3529 3601 3641 4888
913 292 3781
2688 2346 3596
1817 3772 4655
2652 1436 2751
876 39 3993
21454 2056 3223 4472 5063
2616 2804 2907
3561 2010 2364
2706 559 1920
7144 297 2877 3091 4209
4569 721 4966
1724 471 2816
1740 1696 2125
916 5022
877 2002 4779
2688 3844 3994
1785 1591 3328
96731 673 723 877 2968 2992 5031
18671 258 941 1442 3092 3106 3983
1789 1688 4786
876 1406 4913
2722 3928 4653
2751 1042 4993
2616 1280 1919
5457 1147 1637
3606 3309 4197
2627 190 495
126172 95 97 187 449 542 877 907 995 1622 2002 2177 2433 3086 3262 3588 4131 5160
3585 611 1690
1771 436 850
2724 1675 2397
3665 1141 2207
906 2428 2651
2638 2609 3208
883 929 5133
2743 2705 3169
835 305 589
892 3951
1772 2052 4593
1788 2469 3012
894 457 4288
2698 1483 1925
3536 1611 2492
1850 1421 4068
1789 4580 4986
894 856 3753
5419 320 2655
2740 1305 4263
5328 851 2985
2654 940 5060
858 2778 4645
9049 176 1897
907 425 4795
2748 2471 4529
881 1570 2577
3649 3505 3977
889 4824
2739 131 1794
2677 926 1944
891 3237 4987
8942 1010 1799 4155 4604
70596 949 988 2847 4601
15152 1418 2658
253648 838 937 1243 1493 2455 3267 3281 3478 3529 3808 3883 4375 4404
887 2378 3492
2661 598 894
1783 1489 3713
4479 2574 2917
1777 210 1698
910 1304 3472
3582 511 1197
856 3047
879 1474 1992
914 4804
1721 747 3963
1783 529 2325
864 1431 2394
3628 3304 4925
1767 965 3100
2728 1283 2968
831 1281 3278
2677 4289 4548
1813 1128 2377
880 776 3473
4478 960 1122 4883
929 96 1945
3591 1153 3655
3577 2248 4496
2690 2625 5081
4481 1981 2850
2671 3063 4106
4429 540 2964
839 1505 2566
3537 2190 4000
1745 199 4642
1839 4187 4831
4501 2072 3464
913 116 2161
2682 542 1844
898 1778 4439
893 737 2704
1790 524 576
1780 137 810
3542 477 1526
2733 19 1067
874 3285
1789 3271 4186
917 1526 3912
875 1761 2293
3592 1191 4905
917 2147
3640 4112 4389
5305 2358 3608
5298 2543 5018
839 1183 4194
1804 2805 4479
903 1433 5236
2698 1318 4517
1795 496 5104
920 3303 5234
480986 1638 1749 2614 2842 3118 3408 3472 3539 3549 4703 4736 4791 5060
3599 872 5143
903 1336 1946
1809 2042 2495
3577 2087 2589
2678 954 3167
1776 1712 2261
1757 75 1966
2701 2258 3539
881 1639 2508
490886 171 548 965 1243 1377 2056 2318 3212 3363 3529 3537 3871 3883 4049 4942 4960
1793 2323 2929
3632 2947 2987
4445 2318 4400
6337 1360 4486
1812 681 5028
905 1046 2007
2729 3322 4092
908 310 4936
928 3066 4819
1786 3529 3573
68845 673 1282 2075 2948 3642 3953 4657 5025
5387 1179 2728
1743 3313 4624
2743 1955 2693
879 1070 2164
5312 1767 4547
1797 3712 4803
6281 227 5108
921 2737 4682
2665 1783 3064
852 1558 4671
1778 1520 1599
5339 203 3796
36750 1073 1638 2702 2783 3187 3356 3763 4925 4940
1798 1380 4559
874 565
868 552 3737
1754 191 4336
3561 2570 4486
2661 446 4830
905 1187 5032
1744 339 2168
881 1887 3226
914 3549
4457 3067 4902
847 297
1811 347 839
873 1038 5181
857 2871
1811 1459 3694
900 242 2690
1794 399 1711
1816 2710 5056
3611 1150 3020
3578 1093 3756
880 3162 4734
1747 484 1371
2650 1758 2831
2670 3436 4896
4460 812 3126
3587 638 4409
863 428 4902
870 595
1823 27 5102
5357 515 1526
918 4981
3560 3410 4731
2718 372 933
881 882 2973
13506 1413 3838 4567
1787 2306 5168
175729 1638 2917 3408 3641 4703 4925 5071
944 724
902 4772
8053 2799 3203
3560 364 924 3993 4324 4988
1772 750 2101
900 2709
4438 3521 4681
897 3745
906 4494
911 2613 4234
3610 1564 4309
1783 526 1550
2742 273 368
898 839 1437
2703 4099 4872
3596 2450 2793
4497 3101 5071
1762 3879 4756
1768 1312 4492
2660 2957 3991
4490 1263 3397
4447 1927 4167
9780 751 3203
6230 147 4749
947 894 1166
2654 2197 4320
901 2661 3150
1786 1809 4924
3596 1349 2345
1773 1211 2928
3535 2320 5169
891 2071 4338
1801 668 4532
906 577 702
875 1645 2786
893 808 1851
893 709 1716
1827 170 189
876 68 3750
50010 1904 1907 2293 2912 3408 3601 3704 3902 5203
881 3550
3590 1456 3105
1779 4188 4798
2609 2653 4265
907 316
5351 4613 5159
3569 1557 4177
890 494
2696 871 1816 2693
895 582 1978
125982 539 1653 1833 1929 2275 2357 2372 2424 2515 2899 3362 4086 4838
2701 939 3403
898 2264
2698 2984 3495
2723 2739 2988
877 1223 3273
813 4718 4903
5390 540 3680
2707 179 1587
3536 607 881
899 4393 4450
4450 2058 5120
2682 1058 3154
2713 2668 2845 3117
3585 969 2512
911 1585
7134 431 4311
1774 35 3958
914 260 1640
2663 3987 4649
882 1495 3855
828 401 3954
2716 1642 4040
2722 195 505
890 2771 4273
2725 2257 5048
2644 382 1230
221462 407 1294 2164 2268 2897 3155 3719 4033 4574 4834 5127 5205
4503 1569 3659
896 2320 5007
4498 1974 2672
2676 3939 3979
4459 1736 3364
908 372 4910
896 1401 2967
1805 1177 2846
893 2748 4210
3563 483 1833
901 5081
6231 1349 2310 4446
861 803 2768
2651 1239 4464
513690 1736 1829 2003 2852 2917 3202 3579 4063 4429
3582 2055 3808 4065 4470
906 2453 3792
854 4113
1832 2036 3803
900 107 286
890 853 4141
2589 557 4926
2689 2523 4791
900 2806 3786
2717 249 3641
1806 748 1529
2647 1165 2039
1772 1141 1882
5451 2409 2643
905 4362 5047
3534 2858 3049
1802 425 4432
916 2813 3556
2664 3034 3475
908 276 4263
851 1359 3299
4472 2210 4731
15116 1588 2625 3065 3321 4346 4441 4688
1765 1771 2350
1706 3270 3679
1809 380 4603
859 974 3970
2656 2782 2839
876 1928 5067
3590 2712 4791
919 954 2171
1760 2343 4280
4457 706 5214
892 2216
3576 1731 4159
4530 66 1047
3595 257 4480
901 2162 5064
1794 970 4377
2639 589 1994
1783 3774 4746
4455 459 4689
929 2526 3566
907 2294 4232
3526 3365 4668
887 2223
893 31 1877
2685 252 3909
901 2925 4612
2637 1234 3892
1795 623 3609
1800 324 2361
1809 3251 3869
899 4713
821 5016
1789 2790 3640
887 378
1844 514 3764
887 2966 3454
2681 2221 4113
5345 240 1946 3266 4004 4566
4481 3584 4946
919 3284 5027
2650 877 3242
1747 1021 4662
898 3939 4820
3613 2472 3833
2685 125 4006
15329 351 423 758 963 1044 3563 4529
920 2729 3752
1808 2308 4083
1775 262 497 2218 2518
8015 662 2852
877 4779 4915
891 2804 3854
904 1413 2290
3563 289 4291
896 898 3411
2635 1002 2158
14240 6 160 593 724 2518 2547 3735 4672
2703 1399 3917
2709 379 489
901 4854 5135
43703 68 724 1285 1684 3033
2744 63 3832
1766 1863 2697
1830 3409 4764
8891 474 2009 2791 5015
5403 540 3098
4417 3300 4651
876 874 1931
1815 1502 3703
892 5005 5221
1776 844 1338
2676 49 1553
1738 692 1265 1743
3505 140 1983
1775 3696 5136
2706 129 2200
843 178 1511
3557 3896 4481
75775 60 782 1923 2821 3562 3835 4056 4097
2705 806 1456
3561 3332 5046
928 1917 2969
4494 1172 3266
2682 2195 2611
1749 4193 4871
2708 2231 3698
3496 2701 4571
888 2266 4708
1719 5011 5160
902 3812 4637
17761 1366 1710 3472 3695 4065
4461 941 2687 5055
1818 819 3157
940 2017 4853
900 3807 4517
1791 1033 5223
889 1196 2965
4474 923 2021
4414 3276 4440
907 1120 1408
3539 834 4663
903 794 2849
881 2774 4236
6255 954 985
1829 1045 3396
3585 1317 4864
2689 602 2074
1822 2396 4810
1833 56 4520
53536 1865 2974 2978
1815 314 941
1743 958 2320
1739 2640 2784
2712 822 3905
1833 413 3779
2712 2667 3761
4542 858 3292
4543 1772 3796
918 4540
914 3142 3210
15311 2264 3599 4567
3553 443 1190
863 3270 4834
3594 1956 1973 2775
896 2732
898 3141 3900
1789 2233 3424
99074 2588 4376 4992 5045
1809 2031 3307
3630 3243 3858
898 2794 4278
5298 4078 4905
1813 1244 2445
1782 317 2956
1764 724 1398
6190 113 5041
893 3057 3769
7042 1468 1861 2606 3672 4761
4479 1824 2466
4510 3008 3865
2714 1940 3847
148184 176 852 2047 3048 4276 4664
903 75 2423
905 1700
1811 2186 4770
5384 251 2750
3624 350 3172
3581 3857 4843
872 767 1080
6336 1057 2574
904 2443 4841
2697 3747 4700
2685 1648 2591
3555 3165 3539
882 1948 3388
898 1422 3368
901 3059 4317
6251 1531 4051
6132 2388 3276
931 1277 2578
3573 3080 5149
920 1935 3619
2641 372 3061
2640 1971 2305
1764 3217 4622
310613 2003 2006 3472 3539 4095 5108
902 2029 5223
2725 2968 2975
2604 2320 2368
2677 154 268
1801 885 2923
3626 97 4455
1780 493 2421
911 1744 4676
1739 3744 4708
878 190 1721
900 528 546
906 1010 2776
4380 1687 3795
5307 4486 5161
1829 1189 5185
1826 931 4941
891 1089 3843
1777 2390 2726
6140 756 3641
1787 1408 3392
2707 2818 5023
3647 3831 4380
2663 2814 5130
18818 617 2055 4196 4447 4791
5387 4498 4607
3593 2744 3742
1766 886 1442
1765 1581 2650
925 22 3516
903 2539 4044
2740 1071 4184
867 161 1258
3569 2373 3931
3597 1660 3775
888 769 4731
3644 1557 5102
1822 2943 4243
2713 2484 3932
906 2427 3988
879 305 3378
895 456 1559
1796 1485 2137
2654 548 854
2693 1589 4393
1822 2502 3430
926 3943
1752 4238 4353
2682 1404 3916
3614 3045 3921
1777 483 533
1777 5 4038
1837 1806 2160
885 1577 2005
920 2300 4628
1745 1204 2051
1781 3683 3760
867 72
4412 1320 1444
2660 1348 3050
15217 120 1712 2745 3929
8977 1571 2280 5179
911 1018 2862
4496 1435 2355
3493 193 2747
858 241 435
888 2563 3967
902 2617 4747
1791 3446 4614
894 2823
3613 1169 2075 3550
1723 1228 3673
1778 1037 5059
1769 1171 1644
2680 738 3078
892 3012 3669
899 1632 2114
7193 4132 5108
896 2202 4868
1813 790 4486
2638 288 3483
906 3061
896 613 958
3509 1660 4551
1812 3949 4697
846 4214 4348
895 2467
3531 1511 2507 3721
1736 2727 4953
2641 2911 5172
1778 845 4980
1722 962 3018
2702 2333 2968
902 2169 4530
2722 1487 3464
1741 3369 4591
21274 821 1188 3683 4001 4265 4451 5022
900 550 4522
886 3075 5068
900 2329 2763
2673 3290 3427
3636 622 3250
851 2996 3111
899 1052 4719
1796 3671 5230
884 2957 3922
3584 1941 2700
874 4221 4696
3571 257 3621
909 1232 1574
1752 3413 3605
3614 1262 3424
3587 3045 4728
14246 195 481 1605 2512 2672 3384 4273
5352 3198 4417
909 2580 3282
3548 3267 4012
2656 624 3502
880 1188 3979
2634 1292 2724
5263 2189 4359
1747 2921 3755
914 682
3586 917 3762
877 4055
1753 1913 5165
1745 4768 4774
2650 929 4440
2719 176 4524
2683 1416 3999
2644 2888 4652
857 81 2447
894 186 1795
902 3060 4640
2686 1354 2901
3582 69 4944
1796 130 5127
5366 89 397 2016
2701 1974 2265
885 4224 4627
1831 1845 4562
891 1579 4369
1817 1080 2684
1808 22 3253
926 2370
4438 321 1692
1830 3115 4533
2681 3315 4651
5283 4635 4834
1791 1556 1650
11759 130 973 1372 1990 3293 3679 4486 4834 5127
2708 2639 3258
4455 2740 2962
856 330 2032
4522 3263 4398
2662 3141 3934
3526 191 4782
3634 1833 3674
3526 2056 4363
9930 52 1670 1958 5029 5104
3576 2085 2190
1799 22 3913
892 4364
2568 2420 2958
887 1236 2142
892 558 5113
3501 3539 4053
2709 897 1384
44935 85 558 629 1342 1829 1938 2046 2429 3014 3035 3875
1802 1564 5121
2666 366 4049
858 1797 2339
1771 4007 4888
69325 41 779 866 1881 2219 2762 2821 3240 3353 3796 4092 4670
876 896
926 897
2675 2134 3370
2694 1466 4251
896 1058
4461 1264 4644
56426 44 3694 4125 4495
906 832 4081
2667 2802 3695 3808
3606 805 2409
890 397 1101
12705 322 3080 3452 4498 4535
2708 1624 1724
903 434 3176
3508 291 2122 4995
5415 918 2685
1749 917 1538
877 2904 4206
912 2640 4342
1771 145 5146
3593 2160 2884
4381 3849 4231
837 312 556
2749 1958 2406
892 2484 4064
896 4387 5118
2735 1553 3765
2678 848 1012
4480 183 4333
1779 141 3652
3683 3396 5137
2672 550 4411
2749 4274 4894
1782 2208 2470
5399 1262 4825
3607 3546 4056
2720 498 4888
3556 2482 4635
4459 3076 3883
3477 3204 5220
3670 3796 5139
895 1356 4573
3604 1638 3616
2724 1989 4606
925 300 3024
5401 336 4151
1826 4267 5181
894 931 4314
915 4367 4722
3514 3499 4341
2704 2811 4868
6247 1345 3338
4508 4812 5172
1760 2652 2918
914 2423 4906
2713 3029 3520
4413 2917 3697 3754
886 1004 2273
2627 875 4932
2605 2796 4703
1794 46 1524
843 2420 3337
920 363 2721
859 62 1830
2698 107 2664
2669 1535 2645
2690 4422 4932
3534 2951 5012
51026 118 1446 2472 2930 4063 4180 4544 4855
4481 629 4684
895 1538 2156
904 200
2716 434 4927
5386 1153 1812
4520 2105 3436
6296 1323 3960
1770 1765 4947
1775 128 4562
2679 1036 2379
1814 2861 3060
1762 2391 3244
888 536
925 348 531
3538 962 1194
902 2851 3700
6270 668 4161
7172 133 4928
897 922 3219
2647 411 1923
887 2140 2312
1805 3030 4430
885 574 4741
11654 686 2201 2809
3539 2663 3083
6319 66 4102
13429 2723 4578
2679 2384 4651
1735 516 569
4469 2264 3469
1781 438 943
1786 3176 4228
3560 572 1736
2679 3729 4448
909 2775 4874
5374 2112 4142
3572 2629 2896
1777 2515 4195
921 2522 2710
2652 266 2454
889 1583 4904
5338 3623 4311
4522 4535 5115
2678 675 4278
895 226 727
898 1672 3345
3549 2450 4860
895 717 2727
913 1661 2146
1753 724 2595
1766 1696 4687
2684 2632 3648
5356 1238 2767
914 516 1399
19797 15 149 736 936 1012 1770 4125 4656
885 4632
3493 3148 5091
1770 1705 2450
17929 691 1707 2048 2657 3914 4441 4981
878 1989
2664 539 3515
913 3504 5197
2654 3126 3644
3643 948 3373
8111 2304 2588
6348 401 1181
894 1717 3262
2604 3802 5136
12562 1232 1429 1683 2141 2235 2283 3096 3523 4302 5123 5187
918 1665 4163
3568 145 3907
2698 3434 4939
910 513 1123
3596 623 2844
2757 4572 4723
3616 4432 4769
849 2883 3032
886 2111 2754
1791 3284 4592
1804 5018 5145
1778 4074 4447
2685 3233 5063
3619 204 5172
5368 3184 3418
1800 1391 3688
5329 2424 2663
1724 414 4899
898 3074 4979
1752 2853 3968
4534 871 1137 1176 2130
2624 2066 2551
3580 4650 4829
3509 569 2873
890 782 3248
1796 2855 4570
1748 3990 5150
903 809
3612 617 4248
883 4022 5193
912 4421
1767 2516 3054
5396 536 893 2519 4851
2677 4157 4990
3600 1553 1855
927 4313 4428
3523 3387 4078
908 1346 3738
6164 4797 5108
904 3611 4651
1807 1815 4950
1777 2353 3820
2676 2644 3237
908 3093 3930
889 1518 3197
919 183 1526
48166 192 217 661 678 1306 2124 4310
921 899 1151
2720 3920 4650
896 2221 2755
1786 2567 4994
2671 127 1024
2712 742 2478
2704 2887 4223
909 3290 4521
884 2807 2865
1803 2108 4060
1812 2385 4807
3569 1382 2302
1779 1923 3341
896 4415
3652 1545 3211
11683 401 2251
1786 2600 3037
1812 797 5074
898 2719
888 1902 2061
901 1076 4983
1810 3456 3714
902 1578 4290
3498 3645 3979
898 3286 5004
2702 2002 4103
5371 1355 1830 2939 4654
872 332 777
3502 1373 1481
3631 56 1465
1798 733 2560
1805 3676 3996
1830 1210 4089
5400 1842 2175 4409
864 3859
915 603 2405
1776 3848 4169
1799 1369 2295
874 3726
894 462 2230
2721 110 3263
893 401 1035
2700 1526 1662
1809 2581 5019
892 100 2500
864 27 2866
4401 3449 4451 4581
3577 2525 3490
1826 4264 4864
4454 3223 3771
872 296 1290
3540 716 1546
885 855 2622
2630 12 5021
3609 486 1764
38623 205 789 836 1092 2065 2256 4778 5029
875 768 1355
874 4566 4793
3620 2295 2574
891 2148 2242
897 1457 4194
886 2336 2561
1779 620 3256
8043 1677 4796
1749 1682 4451
1823 2569 3234
885 158 2190
4518 3612 4651
1814 2634 4241
6251 3668 4167
2640 1681 2082
1836 2987 4230
1779 2415 4104
3588 318 2992
1722 2779 4895
1825 2004 3874
2614 218 2670
2603 646 1511
3555 2733 3627
47390 1939 4373
923 1701 2699
2685 1257 2253
891 364 924 3605
7113 275 427
2616 398 1779
845 1807 2047
7236 233 272
899 2185 4811
3538 2853 4600
5321 1798 2256 4550
867 128 3380
3572 4085 4803
901 4404 5040
1787 2788 5029
864 3567 4506
891 2814 2983
895 3633 4693
899 2257 2616
1773 953 1388
4370 4106 4797
1808 3083 4075
4522 3 1243
3577 3098 4391
904 131 5145
18789 184 571 580 1343 1481 2657 3717
895 1994
902 3131 3968
2627 565 2780
922 2695
899 1746 5012
893 1341 3316
8963 91 1318 3930 4905
2759 1898 3289
898 323 3265
2664 1214 4777
3632 720 1799
3505 327 2475
4403 2780 4003
18748 219 688 1307 4588
916 1740 4527
17829 119 355 673 3153 3709
2610 2564 4041
58802 4045 4601 4703
1817 123 4458
891 643 4444
1839 584 4105
8923 635 1638
1810 2126 4024
1803 2116 2942
7127 2239 4508
852 2327 5013
46438 209 4321
873 1112 2337
922 1030 3472
904 3845 5045
2711 1606 3733
9935 2842 3118 3283 3336 4582 4931
42146 1829 3034 4576
4560 3002 3905
4324 1708 2654
885 676 4900
882 2049
2708 1146 2255
875 894 2254
925 859 4924
896 1492 4082
2719 1161 2537
4541 3351 3520
916 1188 4409
2690 4344 4632
7136 83 1036 1634
1774 3662 3927
2701 248 582
1789 1754 4938
266956 440 2173 2291 2755 2917 4429 4601 4791 5061
897 257 4502
3594 3085 4037
880 746 1491
3566 2598 3542
885 98 4533
2731 437 456
5365 1083 1315
4542 1366 3472 4334 4948
888 497 2595
2642 525 1065
2658 4475 4800
879 1315 4685
1805166 139 350 1006 1188 1363 1812 1914 2003 2175 2222 2340 2657 3590 4275 4390
881 586 2829
1766 906 4088
1757 3164 3302
887 3063 3310
2727 374 5171
1812 914 4255
1806 430 4784
4453 10 3997
807 669 2956
887 1188 2524
12538 648 744 1460 1961 2373 3291
1814 4225 4790
1782 2414 4123
25061 1382 1430 2318 2687
3539 203 1863
1794 491 948
4517 2159 4894
881 372 3348
915 4230 5087
343123 1095 1261 1590 2003 3099 3694 4396 4791 4977 5010
895 103 4147
896 490 587
2733 3711 4201
1791 1273 1763
923 300
2702 4436 4703
1786 2553 4435
855 875 1932
4406 756 4862
907 3508 4664
3566 3816 4010
6306 1005 1406 2657 3717 4184
888 3326 4786
3581 448 1722
915 2068 4366
904 198 3185
2683 3691 4943
2713 3907 4206
1768 2612 4159
893 590 806
898 2088 3662
8839 2022 3979 4288 4306
1807 463 5108
2620 1048 1499
887 23 1299
2699 2398 3889
1803 2117 2766
906 87 5049
925 4365
1780 614 2298
2679 2148 3260
910 4647
1766 713 4481
5450 219 688 4588 4608
3540 3033 3693
4510 1553 3231
926 3097 4592
1795 1295 5157
865 4847 4935
3523 298 3295
1791 2603 3695
914 1314
5387 784 3414
1791 749 5111
886 353
1753 4407 4665
891 3022 4698
1804 2765 4791
1760 1090 4808
905 3524 4744
2699 2427 3731
2660 3795 4462
2715 396 1327
2694 136 809
8040 1090 1259 1872 5112
1794 1984 2402
17902 983 3543 3568 3897 3962 4033
2665 888 1673
1773 634 5184
1778 2057 2380
1793 3046 4720
2706 734 895
934 1407 3620
1756 1695 1884
1812 1608 3610
875 4063 4833
2695 1328 3496
1758 894 1579
328094 877 1673 1872 1984 3266 3908 4068 5127
3611 1307 2167
2636 1629 2430
4407 1215 4631
920 2076 4397
2740 2224 3141
4450 3206 4963
1763 1322 4514
892 2 4336
853 1933 4858
8021 1829 4371
1751 1905 2986
1731 488 2955
1808 700 865
5368 1924 4732
4449 878 982
862 766 4505
2701 729 3006
3577 1343 2445
1810 3526 3812
1764 3357 5003
3607 3010 3267
912 3826
918 2462 4249
938 1800 3980
912 1690 4989
1801 1917 4011
1781 1522 2422
7064 743 1829
882 2641 4361
1742 716 1911
14367 59 1638 3022 3462 3763 4926
898 1733 3976
871 414 2552
895 3036 3634
8044 1233 1892 2075 4029 4401
865 74 870
5443 4068 4168
11640 2121 4791
3542 1279 3320
2704 1795 2015
905 320 1289
1832 1604 3836
2688 1341 1377
3601 2859 4925
1725 1040 2536
4456 847 4125
876 2886 4997
2722 169 2412
6191 2933 3555
1771 1766 3490
1810 1144 3172
2656 167 4331
2651 3966 4997
1735 915 1982
2693 2071 5184
3578 193 1260
921 236 4638
4466 2446 4864
4412 1526 2090
889 1554 3069
2665 2210 3564
2667 1544 3404
3562 510 1265
56844 504 1075 1124 2992 3339 3400 4023 4134
919 1146 4677
2620 514 2866
3555 814 1188
1787 3755 4299
893 3599 3838
2739 1389 2995
884 2316 2320
2684 3393 4220
2643 2088 3804
3687 2002 4200
936 2471 4098
147061 768 1205 1690 2124 2268 3103 3679 4654 4989
910 2408 4760
4511 3239 4379
2732 274 2341
14337 1938 4152
906 1371 1483
2682 335 3453
2649 2659 4288
2700 455 4378
890 554 1662
904 544 4969
1756 5206 5228
1726 1498 1617
4455 583 2311
2648 1302 4360 4463
3562 416 2221
2690 2294 5036
855 48 3978
12588 175 967 1324 1638 4204 4466
887 3447
3575 1355 2353
2702 183 3377
900 2116 3044
2621 300 1948
2705 867 3329
15184 391 706 873 1009 1336 3080 3266
4434 106 4330
132895 1222 2213 2221 3107 3470 4364 4396 4703
2662 83 2049
2727 3038 3720
3572 685 3469
881 180 861
1811 1258 4100
4491 396 3908
4569 1042 4463
2722 1561 1706
2735 660 3288
836 2564
930 3249 3743
79533 384 667 673 870 877 2166 2230 2623 2788 3149 3647 5029
2700 2876 3951
901 1397 3090
890 1704 5184
900 523 1847
862 436 478
2745 2055 5049
2695 1435 1969
1749 512 984
862 3190 3882
3644 2614 4975
2648 3552 4681
924 1898
4484 3217 4773
19679 343 1443 2510 3034 3397 4022 4881
837 2713 3937
2666 761 3182
893 602 3376
3539 1414 4501
1808 4181 4391
853 3035 4701
1796 1467 3161
4440 4031 4094
2662 3218 5138
1740 1450 3807
1833 211 4555
881 94 4887
852 825 4016
2683 2162 2852
867 3503 5003
1788 148 2120
3558 1771 4062
1767 344 3459
3536 773 2527
1818 4461 4794
884 2113 2123
3553 2056 3671
18831 550 2672 4217 4243
30282 1197 1956 2613 2868 3034 3784 4030 4153 4234 4309
1766 4013 4744
3636 2068 3430
1788 4268 4574
148161 29 139 214 570 1385 1731 1966 2190 2926 3406 3411 4852
3630 2521 4180
889 3550
887 403 2490
2671 389 5118
3531 479 1019
869 1658 4805
6245 555 1872 1942 3759 4955
2664 2486 3818
8052 21 1171 1526 2238 2565 2791 3859 4439
850 1718 4475
4446 349 1542
3520 1382 2390
4397 1700 3739
891 2828 2891
6171 812 4056
1744 3352 3560
2669 2837 3774
887 1659 2600
871 1731
1803 408 1151 2996
1804 2085 3891
899 377 4563
870 1844 2517
2707 4795 5219
2702 494 1740
3556 3608 4624
1806 3045 3558
8915 264 1209
3585 4126 5106
916 1325 4408
3560 1511 2473
2640 1908 4176
2713 2140 3717
3562 306 3736
882 1285 2803
1782 224 4932
907 1668 2025
1818 2920 4338
7070 688 2189
3616 222 1275
901 2093 3990
2695 2317 3967
908 963 4476
2689 798 2423
3609 3869 4870
888 1149 4633
19826 66 900 2057
462266 53 1036 1506 1638 1833 1923 2574 2602 2917 3529 3601 4116 4364 4435 4601 4859 5088 5147
3585 1179 4794
3496 1330 1343
2680 1824 2378
927 2285 5070
863 3805 3892
897 2628 4761
5328 2444 3051
1810 2671 4850
1787 1658 4888
1799 1237 2366 3748
4481 2787 5006
871 1993
3588 2684 4828
4484 2319 5015
1708 421 3658
2713 899 2972 3986
3571 1558 3352 4490
2691 2740 3047
872 2650 4105
1854 1106 4200
2603 2094 2394
890 2503 2582
2738 2462 2621
1772 197 1103
2687 574 3995
876 4830 4880
3522 1362 3054
27711 417 999 1910 2029 2199 3596 3716 3918 5127
6267 2799 4512
3574 1511 2426
889 649 3585
1780 1704 2672
2705 1883 3529
906 938 1805
13264 600 2164 2170 2184
8913 869 4928
929 4905
888 2070 4148
2707 1332 2575
2658 378 1527
888 4479 4652
903 2055
881 650 3735
915 365 3950
2699 1104 2718
5308 1410 3625
900 695 944
1738 40 286
903 2397 4923
1756 2974 5195
1753 479 3343
1810 2981 4882
2584 3619 5127
3522 2342 3256
2721 3350 5211
872 1702 2656
915 2379 4575
893 3855 4709
1821 1741 5217
4521 1690 5034
2750 1176 3781
885 182 2366
2715 2359 3106
1797 2865 3035
2631 114 4009
4508 29 4201
2682 1036 3862
1814 527 4904
1815 1370 3603
3607 11 4626
854 1380 4009
901 496 2916
2691 85 2013
3544 449 4356
1723 2820 4297
16155 1423 1733 2002 3275 3423 3768
2667 96 3146
908 1940
4436 3267 4039
3555 1381 3217
901 894 4416
907 2875
882 3428 4442
898 1097 5079
876 571 698
908 1020 1813
2705 2674 4421
217136 428 924 2056 2107 3529 3702 3724 3907 4396 4429 4477 4536 4893 4933
2663 989 2056
875 2400 4299
2700 4647 4704
1806 3461 4679
7134 3232 4305
5253 4233 4341
899 2697 3644
2644 1555 3280
3586 967 4407
1851 795 2067
888 2548 4878
2674 3556 4333
3644 1120 2279 3482
1747 1763 4661
912 2163 2975
2720 3066 4252
875 527 4478
883 1021 1853
919 3825
1809 329 4329
3580 3143 4109
861 2633 2762
892 5124
1786 792 5073
904 3352
4526 2040 4964
906 1192 2537
929 1819 3548
866 138 3760
1770 1233 3383
908 3367 5165
891 1023 3141
1778 3141 3465
6315 4091 4932
2743 1032 3163
859 487 2023
4493 3267 4716
2718 3188 4217
1792 3569 4729
2745 1511 3504
899 3322
4437 588 1471 2852 4495
15136 2411 2894 2950 3679 3840 4031 4033
907 1211 5014
2678 238 982
3529 915 1526
2711 1689 3652
916 1642 3139
2653 2925 5172
1771 176 3868
2664 1241 1603
2655 2695 3865
2703 1610 1875
927 1794 3327
903 1549 1915
879 4468 5116
1778 2142 2896
6220 600 1350
893 4711
1799 1310 4227
4527 374 4655
1832 3811 4897
1831 2232 3777
3604 4125 5119
889 263 5200
5425 954 5072
888 2205 4507
875 1963 4703
2677 1894 4172
2696 538 1899
3530 1450 4438
2679 412 5177 5234
20642 83 129 296 1036 1123 2408 3220 3823 4290 4556
1776 783 3345
3527 771 2056
887 2984 4879
1819 3961 4107
1792 393 2044
9833 1731 2058 4700
899 3071 3802
1803 1691 3616
1771 1613 2688
885 2775 4160
1722 1888 3161
908 646 1581
897 895 1059
1781 2256 2657 4802
859 1523 4867
884 2243 4729
1788 1997 4627
897 493 4755
896 2485 3493
1793 469 1385
886 220 1202
892 3179 3330
909 2756 4639
11606 837 1763 3408 4055 4093 4712
933 6 2692
1777 1093 5054
2694 307 732
861 1591 1630
2662 586 4791
3615 4089 4426
842 137 4316
1798 2517 3588
2739 417 4853
898 829 2470
2624 345 4212
1808 1849 4382
4467 564 2863
5377 1643 3574 3591
896 1475 3658
26714 834 1090 1349 4166 4771 5213
32142 420 1907 3161 3518 3849 4353 4740 4956
893 972 4111
906 224 5108
7235 2057 2835
889 1405 3112
895 2779 3685
881 2796 5069
7149 1843 2779
880 1071 3429
900 848 3058
923 2416 3768
1793 410 2221
2614 1596 4919
4537 197 5176
1753 2778 4917
4451 1016 2845
883 2630 3018
2764 566 1772
860 194 4752
910 3629 4386
28707 750 2248 2386 2644 3332 3486 3563 3601 4542
3482 3701 4529
3605 1430 4129
8051 4143 4739
4460 675 1971
913 2324
925 2980 4378
54448 88 199 811 878 1377 1470 1970 2299 2654 2947 4115 4123 4691 4825
15217 61 446 925 1135 3309 4791
4383 755 1923
1764 473 4468
906 2349 3547
3646 1799 1867
2668 4395 5184
1775 1431 4197
4473 652 3563
2755 2889 3899
4500 99 3539
1774 402 4446
4459 3141 4018
7206 2059 3068
7181 1308 3263 3756
866 4133
2721 245 4404
3493 1164 5132
2665 2924 4235
2685 112 1411
1804 621 2002
2630 3971 5025
1788 1396 2934
1720 1872 1960 4662
903 3161 4905
1779 1796 3029
2699 1667 2661
2662 1508 2442
3629 2396 3539
2667 1850 2672
847 1613 2197
3526 2784 4504
5396 3232 4817
1755 719 2447
3656 211 3419
917 1724
1786 3034 5218
913 1875 4584
2693 544 697
918 281 2936
1799 1242 5123
877 966 2608
5407 622 1222
2746 1440 4623
917 1354 2592
918 4429
1787 2450 5183
921 657 4213
2645 2057 3973
1818 3595 4184
1767 1468 3015
903 2647 4262
877 840 2307
2719 2196 2830
909 3453
894 2227 3468
2704 1393 2278 3605
38332 815 1786 2124 4523 4574
3586 796 4228
5399 195 754
81148 219 1819 2360 3845
1847 151 3431
899 1339 4245
24266 172 393 561 2075 3352 4071
1697 1511 2456
1778 4545 4551
2654 1331 1877
10736 104 661 2015 2924
5400 1307 2844
1780 2164 3394
2666 2093 3370
866 4518 4642
893 2450 4266
1772 1528 3787
3617 606 4714
911 3167 3681
2695 242 2371
2663 1731 3279
6333 3099 3351 4429
861 1143 3806
4440 2440 3228 4124 4351 5132
928 2440 4372
1822 2521 4835
5368 3782 4717
1734 2951 3749
3564 1810 2323
9812 131 1572 2045 3522 4205 5172
907 4285
3504 1493 1726
10696 1006 2317 4295
1829 3422 3979
1808 3904 5077
3559 930 1563
3556 3550 4953
855 620 2091
1822 1452 3757
2747 1102 3544
894306 139 877 1385 1636 1650 2642 2657 2809 4042 4297 4335 4613 5104
4431 1261 1681
4486 3426 5036
901 3382 3570
1746 1417 2268
3612 1189 4763
3684 678 2119 2992
3610 4590 5031
4578 1193 3289
5474 604 5101
1754 1761 5071
857 1366 4334
5344 2711 3853
1778 1343 2496
867 352 2221
903 464 550
153268 3266 3845 4376
2654 157 3798
2696 673 2927 3153 3709
3618 1842 3677
1827 4457 4619
891 2014 2898
886 2683 3287
4444 1350 2716
888 957 1507
906 747 4890
3555 1543 3809
2724 3099 3582
2696 3308 5148
1770 726 2547 3238
896 1905 3955
3549 3458 3529
2683 2638 4396
887 2450 5183
3582 3414 4207
912 1001 3732
2639 799 1496
3575 2157 5164
1798 3116 3723
891 3182 3981
914 411 4911
883 1471 4707
16128 1827 2833 3225 3601 3618 5039
4531 575 4857
2699 942 4815
2721 4259 5115
2713 832 2363
5366 1810 2466
904 507 5023
910 632 3383
921 2586 4787
900 406 880
1792 3497 3690
2668 1377 3119
864 826 1987
886 1362 2212
900 1145 3334
865 2063 3110
1806 319 4428
907 4703
909 666 792
1709 2702 3294
2653 3374 4182
892 1170 1357
6266 662 2962
899 2649
3589 131 1900
2751 591 2882
871 772 2669
866 1168 5228
909 906 5148
4541 2010 5227
6379 1315 5038
2724 3593 3919
3619 322 5173
2719 197 3527 4042 5029
894 534 2938
2695 315 4684
2664 2714 3141
53640 165 202 1077 1345 1359 1687 1964 1993 2313 2578 3557 3883 3960 4233 4452 4907
1790 2131 2345
911 5 2404
869 2568 4473
3521 3333 4484
860 83 4048
1844 1607 1768
3593 4168 5074
1780 1284 4847
1759 292 1957
1781 4082 4659
2681 679 4855
3581 1822 3663
908 2350 4052
1811 1460 3323
2684 4194 4972
1789 444 4814
919 1801 3073
913 1919
105864 1396 2102 2893 3679 4019 4033 4498 4731 4756
3559 971 1377
2728 1833 3359
3545 3389 3906
1742 2043 2144
9805 1004 1118 1245 1698 1848 2557 2884 4949 5012
900 2191 3443
879 1402 2772
908 2235 3777
10667 536 1298 1299 1665 2424 3189 3792 4193
4600 59 4087
127893 280 494 1923 2500 2779 2785 2816 4636
2754 3104 4097
1800 183 2392
1796 735 2481
887 386
4480 2541 3530
1798 1458 1769
895 4205 4345
904 1529 4076
3536 919 4703
1796 5057 5099
2692 891 3878
2604 440 4221
907 2652 3117
1764 1713 2539
3470 183 2192
2653 1008 1087
1797 1252 2161
5391 34 474 3349
2687 78 4467
3578 532 1765
4487 1587 3647
2648 3436 3806
4417 2250 3897
3600 313 1553
892 179 1522
4456 1329 5066
900 4008 4822
919 279 1707
1776 815 3147
2668 3600 5172
2691 1672 3632
890 246 2954
1806 2215 4414
425889 1495 2606 2795 3372 3972 4109 4208 4840 5018 5168
2743 377 5103
3535 2124 2596
880 2398 3312
3632 1267 4918
875 2279 4863
8164 2660 2666
9870 1439 3944
2683 776 1840
909 3577 4103
900 990
891 4978 5062
20563 266 464 550 1163 1800 2366 2672 4488 4553 4616 4938
921 3898
898 49 1426
909 1214 4194
907 1939
901 1947 2903
887 1056 2556
1814 22 2062
1791 668 3036
1785 343 4224
1791 2555 2563
898 4753
4465 545 1547
869 670 4187
3622 567 1995
887 1890
1800 900 4856
878 238
922 1689 3136
1822 3264 3641
879 3225 3264
891 407 3679
2636 349 4585
5363 3217 3245
854 2646 2730
900 524 1464
933 538 2741
1818 2477 4758
2694 216 2992
3572 1635 4904
3564 1420 3727
1766 581 2917
2685 309 1821
908 2144 4762
874 1489 4968
3594 2480 4679
4349 2056 4096
882 1790 3787
8009 1455 1921
923 3813 3884
1787 777 1373
5332 278 2399
3581 86 2567
3644 1552 5100
855 4585 5098
904 664 2101
908 3252 3987
923 1737 2934
2637 84 2703
867 2735 3045
1799 3528 4863
1830 550 2769
865 1582 3525
4390 1085 2839
