1
2
3
4
7
8
11
12
13
15
17
18
19
20
21
22
23
26
27
28
29
30
35
36
39
44
45
48
50
51
53
57
59
60
63
65
66
67
68
69
72
80
81
83
84
85
87
88
89
90
91
92
96
98
99
100
102
103
104
105
107
108
109
111
117
118
120
121
122
125
126
127
129
130
132
133
134
135
136
137
138
140
141
142
144
145
149
157
158
159
160
163
164
166
168
171
174
178
179
181
183
184
188
190
191
192
193
195
197
199
200
203
205
207
208
209
210
212
214
216
218
220
222
223
224
227
228
229
231
233
236
239
240
242
243
244
245
246
247
249
250
253
255
256
260
261
263
264
265
266
268
271
273
275
277
278
279
282
286
287
288
289
293
294
295
296
299
301
303
305
306
307
312
313
314
315
318
321
324
325
326
331
333
334
335
336
339
340
343
346
349
352
353
355
356
358
361
364
365
366
369
371
372
374
376
377
378
381
382
384
386
387
388
390
391
392
394
395
397
398
399
400
403
404
405
407
408
410
411
418
419
421
422
423
424
425
426
427
431
432
433
434
435
436
437
438
439
440
445
449
450
451
452
454
455
457
462
465
466
467
469
470
471
473
475
480
482
484
485
486
487
489
490
491
492
499
501
504
506
510
511
513
514
515
517
518
519
520
521
522
526
530
531
534
535
536
537
538
539
541
544
550
552
554
555
556
561
562
564
565
566
567
569
571
572
573
574
575
576
577
578
583
585
588
590
593
594
595
596
598
599
604
607
608
610
613
614
617
618
619
621
623
624
625
628
629
631
632
635
636
637
638
642
649
650
651
653
655
656
659
660
664
666
667
668
671
674
675
679
684
685
688
689
691
692
696
698
699
701
702
704
706
707
708
710
712
713
715
716
718
719
720
722
723
728
730
733
734
735
736
738
739
741
743
744
747
748
749
750
751
752
755
756
758
761
762
764
765
766
767
769
770
771
775
778
779
780
781
785
792
793
794
795
796
798
800
801
802
803
804
805
806
808
810
811
812
814
816
817
818
820
821
824
825
826
828
829
833
834
836
837
838
841
842
844
845
847
848
849
853
854
856
858
860
862
866
867
869
872
873
876
877
879
880
881
883
884
885
887
888
889
891
892
893
894
896
897
898
899
901
902
905
906
907
910
914
915
920
922
925
927
928
933
936
937
938
941
944
947
948
950
951
952
954
956
957
958
959
964
966
968
969
973
974
975
977
980
981
984
985
987
991
994
999
1003
1004
1005
1006
1007
1009
1011
1014
1015
1016
1018
1019
1021
1022
1024
1025
1031
1032
1033
1037
1038
1039
1040
1042
1046
1048
1052
1054
1055
1056
1057
1058
1060
1063
1067
1068
1070
1073
1074
1076
1077
1078
1082
1083
1085
1086
1087
1088
1089
1092
1093
1094
1099
1101
1102
1109
1110
1111
1113
1114
1115
1116
1119
1126
1127
1131
1132
1133
1134
1136
1137
1138
1139
1140
1143
1146
1149
1151
1154
1155
1156
1157
1163
1165
1166
1170
1171
1172
1175
1176
1177
1179
1180
1183
1184
1187
1188
1190
1194
1195
1197
1199
1201
1203
1205
1206
1207
1208
1209
1213
1215
1216
1217
1218
1219
1220
1223
1226
1227
1228
1229
1231
1232
1233
1234
1237
1241
1242
1243
1244
1245
1246
1247
1248
1249
1250
1251
1252
1253
1254
1255
1260
1262
1266
1269
1271
1274
1275
1276
1278
1281
1282
1285
1287
1288
1289
1290
1291
1292
1293
1295
1298
1302
1304
1308
1310
1311
1312
1313
1315
1317
1318
1321
1322
1323
1324
1325
1326
1327
1328
1330
1331
1332
1333
1334
1336
1337
1340
1341
1342
1343
1344
1345
1346
1348
1350
1351
1353
1356
1357
1358
1359
1360
1362
1364
1365
1367
1368
1371
1373
1375
1381
1382
1383
1384
1385
1390
1392
1394
1395
1396
1397
1400
1404
1405
1406
1408
1411
1412
1414
1422
1423
1425
1428
1430
1431
1434
1435
1438
1442
1444
1446
1447
1448
1449
1451
1452
1453
1454
1455
1456
1457
1458
1459
1460
1461
1464
1465
1468
1469
1470
1471
1472
1474
1477
1480
1481
1483
1484
1486
1487
1488
1489
1490
1492
1493
1494
1497
1498
1500
1501
1502
1504
1505
1506
1508
1510
1511
1513
1515
1516
1519
1521
1523
1528
1529
1530
1531
1532
1534
1535
1536
1538
1541
1542
1545
1546
1548
1551
1553
1556
1557
1558
1560
1562
1563
1566
1567
1568
1569
1570
1572
1575
1577
1578
1579
1580
1581
1583
1586
1588
1589
1590
1591
1592
1593
1598
1599
1600
1601
1602
1603
1605
1606
1608
1615
1618
1621
1628
1629
1633
1636
1637
1639
1640
1641
1643
1644
1646
1648
1650
1651
1652
1653
1657
1659
1660
1662
1663
1664
1665
1666
1669
1673
1674
1677
1678
1679
1680
1681
1684
1689
1692
1694
1695
1697
1698
1699
1701
1702
1705
1706
1707
1709
1710
1714
1715
1717
1718
1720
1721
1723
1724
1725
1726
1727
1729
1730
1732
1733
1735
1736
1737
1743
1744
1745
1746
1748
1751
1752
1754
1755
1756
1758
1761
1762
1764
1766
1771
1773
1774
1777
1778
1779
1780
1783
1784
1786
1789
1790
1791
1792
1793
1794
1796
1797
1798
1800
1801
1803
1806
1808
1810
1811
1815
1816
1817
1818
1821
1822
1823
1824
1825
1826
1830
1831
1832
1833
1835
1837
1841
1842
1843
1844
1848
1849
1850
1851
1855
1860
1861
1862
1863
1864
1866
1867
1868
1869
1871
1872
1875
1878
1879
1880
1881
1886
1887
1888
1889
1890
1892
1893
1894
1895
1901
1902
1903
1904
1907
1909
1910
1914
1915
1918
1919
1922
1923
1925
1926
1928
1929
1931
1935
1938
1939
1940
1942
1944
1946
1949
1951
1956
1957
1958
1959
1962
1964
1966
1967
1968
1969
1971
1973
1974
1975
1978
1982
1984
1986
1990
1991
1992
1993
1997
1999
2002
2003
2006
2007
2008
2009
2011
2012
2014
2017
2023
2024
2026
2027
2029
2030
2038
2039
2041
2042
2050
2053
2054
2055
2056
2058
2060
2061
2062
2063
2064
2065
2066
2068
2070
2073
2075
2078
2079
2081
2083
2084
2086
2087
2089
2090
2091
2092
2097
2098
2099
2100
2101
2102
2103
2108
2110
2113
2114
2115
2116
2118
2119
2121
2122
2125
2127
2129
2132
2134
2135
2136
2137
2142
2143
2144
2146
2147
2148
2149
2150
2151
2152
2153
2154
2155
2157
2160
2161
2164
2165
2169
2170
2171
2172
2176
2178
2179
2180
2182
2183
2185
2186
2188
2189
2195
2196
2199
2201
2202
2203
2205
2209
2211
2213
2214
2216
2217
2222
2223
2227
2228
2230
2238
2242
2244
2245
2246
2247
2249
2253
2254
2255
2257
2258
2260
2267
2269
2272
2274
2275
2277
2280
2281
2283
2284
2286
2287
2288
2289
2290
2293
2295
2296
2297
2298
2300
2301
2302
2303
2304
2306
2310
2311
2313
2314
2318
2319
2320
2324
2326
2328
2331
2333
2336
2337
2338
2339
2341
2342
2345
2346
2347
2348
2349
2350
2351
2354
2355
2357
2359
2363
2365
2372
2373
2374
2375
2376
2378
2380
2384
2387
2389
2390
2391
2394
2397
2398
2399
2401
2403
2405
2408
2412
2414
2415
2420
2421
2423
2424
2427
2430
2432
2433
2434
2436
2438
2442
2443
2444
2446
2447
2449
2451
2452
2454
2455
2457
2459
2461
2462
2463
2464
2465
2466
2467
2468
2470
2474
2475
2478
2479
2487
2488
2489
2490
2492
2494
2495
2499
2500
2501
2502
2503
2504
2506
2507
2511
2514
2515
2516
2518
2520
2523
2524
2526
2527
2534
2535
2538
2540
2541
2542
2543
2549
2550
2551
2553
2555
2559
2560
2568
2570
2571
2572
2573
2574
2576
2579
2580
2581
2583
2585
2586
2588
2590
2592
2593
2594
2598
2602
2603
2604
2606
2607
2611
2612
2613
2615
2616
2617
2619
2620
2623
2625
2626
2628
2629
2630
2631
2632
2633
2634
2637
2638
2641
2643
2649
2652
2654
2656
2657
2658
2659
2661
2665
2666
2670
2671
2674
2676
2678
2680
2682
2683
2684
2685
2686
2689
2690
2692
2693
2694
2695
2698
2700
2701
2702
2704
2705
2706
2707
2709
2711
2714
2715
2716
2717
2719
2722
2723
2725
2728
2729
2730
2732
2734
2735
2736
2739
2740
2742
2743
2744
2745
2747
2750
2751
2752
2753
2754
2756
2757
2758
2759
2762
2764
2765
2767
2768
2770
2771
2772
2774
2781
2782
2783
2786
2788
2791
2795
2796
2797
2799
2800
2801
2803
2805
2807
2809
2810
2814
2819
2820
2821
2822
2825
2826
2828
2829
2837
2839
2842
2843
2845
2847
2848
2850
2851
2853
2854
2857
2864
2865
2867
2869
2870
2871
2873
2874
2877
2878
2879
2880
2883
2884
2885
2887
2890
2893
2894
2896
2897
2898
2899
2900
2902
2904
2905
2906
2909
2911
2913
2914
2915
2917
2918
2919
2920
2925
2926
2928
2929
2930
2933
2935
2936
2937
2938
2940
2941
2943
2946
2947
2948
2949
2950
2951
2954
2956
2958
2959
2960
2964
2966
2967
2971
2972
2973
2974
2976
2977
2978
2983
2985
2988
2989
2991
2994
2995
2997
2998
3001
3002
3003
3004
3005
3006
3007
3008
3011
3012
3013
3015
3016
3017
3018
3022
3023
3024
3025
3026
3028
3029
3031
3033
3034
3036
3039
3040
3041
3042
3043
3045
3048
3056
3070
3071
3073
3074
3078
3079
3082
3084
3085
3089
3091
3092
3097
3098
3100
3101
3102
3104
3105
3106
3107
3110
3111
3114
3115
3118
3119
3120
3121
3122
3123
3125
3131
3138
3139
3140
3141
3144
3145
3146
3151
3152
3153
3154
3155
3156
3159
3160
3162
3165
3166
3167
3169
3170
3171
3172
3173
3175
3176
3177
3179
3180
3181
3183
3186
3188
3189
3190
3191
3192
3193
3195
3196
3197
3199
3203
3206
3207
3211
3213
3214
3215
3217
3218
3220
3221
3222
3223
3224
3231
3233
3235
3236
3237
3238
3239
3244
3245
3247
3248
3249
3250
3251
3255
3256
3257
3260
3262
3263
3266
3268
3270
3271
3278
3279
3280
3284
3288
3289
3291
3293
3294
3296
3297
3298
3300
3302
3305
3306
3307
3309
3311
3312
3319
3322
3324
3326
3327
3329
3331
3336
3337
3338
3340
3344
3347
3352
3353
3354
3356
3357
3358
3360
3363
3364
3365
3368
3370
3371
3372
3373
3374
3375
3377
3379
3380
3382
3383
3385
3386
3388
3389
3390
3391
3395
3397
3399
3400
3401
3403
3404
3406
3408
3415
3416
3420
3421
3422
3423
3426
3428
3431
3432
3433
3435
3439
3440
3441
3442
3443
3445
3446
3447
3449
3451
3454
3455
3456
3457
3459
3460
3466
3467
3468
3469
3473
3474
3475
3476
3479
3482
3484
3486
3487
3488
3489
3490
3493
3495
3496
3499
3501
3502
3503
3510
3511
3512
3513
3514
3515
3516
3517
3522
3524
3526
3527
3528
3529
3530
3534
3537
3538
3540
3541
3542
3543
3546
3548
3549
3550
3551
3552
3558
3560
3561
3562
3563
3564
3565
3570
3571
3572
3574
3578
3579
3581
3583
3584
3585
3589
3590
3591
3593
3594
3595
3599
3604
3606
3609
3610
3611
3612
3614
3615
3616
3618
3619
3621
3624
3625
3626
3629
3630
3631
3634
3640
3641
3644
3645
3646
3649
3650
3651
3652
3653
3654
3656
3657
3658
3663
3665
3666
3668
3669
3671
3672
3673
3674
3676
3679
3680
3681
3682
3685
3686
3688
3689
3693
3695
3696
3698
3699
3700
3701
3706
3708
3710
3711
3712
3717
3719
3720
3722
3723
3725
3727
3729
3735
3736
3737
3738
3739
3744
3747
3749
3752
3755
3757
3758
3760
3763
3768
3769
3770
3771
3772
3773
3774
3775
3777
3778
3779
3781
3782
3785
3792
3794
3795
3796
3797
3801
3803
3804
3805
3810
3811
3812
3813
3815
3816
3818
3819
3820
3822
3823
3827
3828
3829
3830
3833
3835
3836
3838
3839
3840
3841
3846
3847
3848
3849
3850
3851
3852
3853
3858
3859
3860
3863
3864
3865
3867
3868
3869
3870
3871
3872
3874
3875
3876
3877
3878
3882
3883
3884
3885
3886
3887
3890
3892
3895
3896
3897
3898
3900
3906
3908
3912
3915
3918
3919
3920
3923
3925
3926
3927
3930
3931
3936
3937
3939
3940
3941
3943
3944
3946
3947
3948
3950
3952
3956
3957
3958
3959
3960
3964
3968
3969
3971
3972
3975
3978
3980
3983
3984
3985
3987
3991
3993
3994
3995
3998
4000
4002
4003
4004
4005
4007
4008
4013
4014
4015
4017
4019
4024
4025
4028
4031
4033
4036
4039
4040
4042
4043
4045
4047
4049
4050
4053
4054
4056
4057
4059
4064
4065
4066
4067
4068
4070
4074
4075
4076
4077
4080
4083
4084
4085
4086
4088
4089
4090
4091
4092
4094
4097
4099
4100
4102
4103
4104
4105
4106
4108
4110
4111
4113
4114
4115
4116
4120
4122
4123
4124
4126
4129
4133
4134
4135
4136
4138
4139
4140
4142
4145
4149
4150
4151
4152
4156
4157
4158
4159
4160
4161
4162
4165
4166
4167
4169
4170
4172
4174
4175
4176
4177
4179
4180
4181
4182
4183
4187
4190
4191
4192
4193
4196
4197
4198
4199
4200
4201
4202
4203
4205
4206
4208
4214
4215
4216
4218
4219
4222
4224
4226
4227
4228
4231
4233
4234
4236
4237
4238
4240
4242
4243
4244
4247
4248
4249
4250
4252
4254
4256
4257
4258
4259
4260
4265
4267
4269
4270
4271
4272
4274
4279
4282
4283
4284
4287
4288
4289
4290
4291
4293
4295
4298
4299
4300
4303
4306
4307
4309
4310
4311
4312
4313
4315
4316
4319
4320
4321
4322
4328
4329
4330
4331
4332
4334
4335
4336
4337
4338
4341
4345
4350
4351
4354
4357
4362
4364
4367
4369
4371
4373
4374
4375
4377
4378
4379
4382
4383
4385
4386
4388
4390
4392
4393
4395
4397
4401
4404
4408
4411
4412
4413
4414
4415
4416
4418
4419
4420
4421
4422
4423
4424
4425
4426
4428
4431
4440
4441
4443
4444
4446
4449
4453
4454
4455
4457
4458
4462
4464
4467
4469
4470
4471
4476
4477
4478
4479
4480
4483
4484
4485
4489
4490
4496
4498
4499
4501
4502
4503
4504
4506
4507
4508
4509
4510
4512
4517
4518
4520
4522
4525
4531
4532
4533
4534
4535
4538
4539
4540
4541
4543
4544
4545
4546
4547
4548
4551
4553
4558
4559
4561
4563
4564
4565
4566
4567
4568
4569
4572
4574
4576
4577
4578
4579
4580
4582
4583
4584
4585
4588
4589
4591
4593
4594
4595
4597
4598
4600
4602
4604
4607
4608
4609
4610
4611
4612
4614
4615
4616
4617
4618
4619
4621
4622
4625
4626
4627
4629
4630
4632
4634
4635
4637
4639
4640
4641
4642
4643
4644
4645
4646
4649
4650
4653
4654
4658
4660
4661
4663
4667
4668
4669
4670
4671
4673
4674
4677
4679
4680
4682
4683
4684
4685
4687
4690
4691
4692
4693
4694
4695
4696
4698
4699
4701
4702
4703
4704
4705
4706
4708
4709
4710
4712
4716
4718
4721
4724
4725
4727
4728
4730
4733
4735
4736
4737
4741
4743
4744
4745
4746
4749
4750
4752
4753
4756
4757
4759
4762
4763
4765
4769
4771
4774
4779
4780
4781
4785
4786
4789
4790
4791
4793
4794
4796
4797
4798
4800
4801
4803
4804
4805
4807
4813
4814
4815
4816
4819
4820
4822
4823
4827
4829
4831
4832
4835
4836
4838
4840
4841
4842
4843
4845
4847
4850
4851
4854
4856
4857
4860
4861
4862
4863
4865
4867
4870
4873
4874
4875
4876
4877
4878
4879
4880
4881
4882
4884
4885
4886
4888
4889
4891
4892
4893
4894
4895
4897
4900
4902
4904
4905
4906
4907
4908
4909
4911
4912
4914
4915
4916
4917
4918
4919
4921
4922
4923
4924
4925
4926
4927
4930
4931
4933
4934
4939
4942
4944
4945
4946
4947
4948
4949
4953
4955
4956
4959
4961
4962
4963
4964
4967
4968
4969
4971
4972
4976
4979
4980
4981
4986
4991
4995
4996
5001
5002
5005
5006
5009
5010
5011
5012
5013
5014
5015
5017
5018
5019
5020
5021
5024
5025
5026
5027
5028
5030
5031
5032
5034
5036
5037
5038
5044
5046
5047
5048
5049
5051
5052
5053
5055
5056
5057
5058
5061
5062
5063
5064
5065
5067
5068
5071
5072
5073
5074
5076
5080
5083
5084
5085
5086
5088
5090
5091
5092
5093
5096
5097
5098
5099
5100
5103
5104
5107
5109
5110
5111
5112
5115
5117
5118
5119
5121
5123
5124
5126
5127
5128
5130
5132
5133
5135
5137
5144
5146
5147
5148
5149
5150
5151
5153
5157
5158
5161
5164
5165
5168
5169
5172
5173
5175
5176
5177
5178
5179
5180
5182
5185
5186
5187
5188
5190
5191
5193
5195
5201
5205
5207
5211
5214
5215
5217
5218
5221
5222
5223
5224
5225
5226
5232
5234
5235
5236
5238
5242
5243
5244
5245
5246
5247
5248
5251
5252
5253
5254
5255
5256
5257
5258
5259
5260
5261
5264
5265
5267
5268
5269
5272
5273
5277
5278
5281
5282
5285
5286
5287
5289
5292
5293
5295
5296
5298
5299
5300
5301
5302
5303
5304
5310
5311
5312
5314
5316
5318
5321
5322
5323
5324
5325
5326
5328
5329
5333
5334
5335
5337
5339
5341
5342
5343
5347
5349
5350
5353
5354
5356
5358
5360
5361
5364
5366
5369
5372
5373
5374
5375
5376
5378
5383
5387
5389
5392
5394
5396
5397
5399
5400
5402
5403
5405
5406
5408
5410
5411
5413
5414
5416
5417
5418
5419
5421
5422
5426
5427
5428
5429
5431
5433
5434
5435
5439
5440
5441
5446
5447
5451
5452
5453
5454
5455
5457
5458
5461
5463
5465
5468
5470
5471
5474
5478
5480
5482
5485
5486
5487
5490
5491
5492
5493
5494
5495
5498
5499
5500
5501
5502
5505
5506
5509
5510
5511
5512
5513
5514
5516
5518
5519
5520
5521
5523
5524
5528
5531
5532
5533
5534
5535
5536
5537
5538
5539
5540
5542
5543
5546
5548
5549
5552
5553
5556
5560
5561
5563
5564
5566
5567
5569
5570
5571
5572
5573
5577
5578
5579
5583
5585
5586
5587
5591
5592
5593
5595
5597
5598
5599
5601
5602
5605
5607
5614
5615
5616
5618
5620
5621
5622
5624
5626
5627
5628
5629
5630
5631
5634
5636
5638
5641
5643
5647
5649
5650
5651
5654
5659
5662
5665
5670
5672
5673
5674
5675
5676
5678
5681
5682
5683
5684
5685
5686
5687
5688
5690
5692
5693
5697
5698
5699
5700
5701
5702
5703
5704
5705
5706
5707
5708
5712
5714
5715
5716
5717
5720
5722
5726
5728
5731
5732
5734
5736
5737
5738
5739
5741
5742
5743
5744
5746
5748
5751
5752
5757
5758
5759
5761
5763
5764
5766
5767
5769
5771
5773
5774
5775
5777
5778
5779
5780
5782
5783
5786
5787
5788
5791
5794
5797
5798
5799
5802
5805
5808
5809
5811
5812
5813
5815
5816
5817
5821
5822
5824
5825
5826
5827
5831
5832
5835
5837
5838
5839
5840
5841
5843
5844
5846
5850
5852
5854
5858
5861
5862
5867
5869
5870
5873
5874
5878
5881
5883
5884
5887
5888
5889
5890
5893
5897
5898
5899
5900
5901
5902
5903
5904
5905
5906
5908
5910
5911
5912
5913
5914
5915
5916
5917
5919
5921
5923
5924
5929
5930
5931
5932
5934
5936
5937
5938
5943
5944
5945
5946
5948
5950
5951
5953
5955
5956
5957
5958
5960
5961
5963
5964
5966
5967
5968
5972
5973
5974
5975
5977
5981
5983
5985
5986
5989
5993
5995
5996
5997
5998
5999
6001
6005
6010
6012
6013
6018
6019
6022
6023
6025
6026
6029
6033
6034
6035
6036
6038
6041
6042
6043
6046
6047
6052
6054
6056
6057
6058
6059
6060
6062
6063
6064
6065
6067
6068
6069
6071
6072
6073
6074
6075
6077
6079
6080
6082
6083
6085
6086
6089
6091
6092
6094
6096
6098
6099
6100
6101
6103
6108
6109
6112
6113
6116
6118
6119
6120
6121
6123
6127
6129
6130
6131
6135
6138
6139
6140
6141
6142
6144
6145
6147
6148
6150
6152
6155
6158
6159
6160
6163
6164
6170
6173
6176
6179
6180
6183
6184
6185
6187
6189
6190
6192
6193
6195
6197
6198
6199
6200
6201
6205
6208
6210
6215
6218
6219
6220
6224
6227
6228
6229
6230
6231
6233
6234
6236
6237
6238
6244
6245
6247
6250
6255
6259
6260
6262
6263
6264
6265
6267
6268
6270
6274
6275
6276
6278
6284
6287
6288
6289
6290
6292
6293
6295
6296
6297
6300
6301
6303
6305
6306
6311
6312
6313
6314
6318
6319
6321
6323
6328
6330
6331
6332
6333
6335
6337
6338
6339
6340
6341
6342
6345
6346
6347
6351
6352
6353
6354
6358
6361
6362
6363
6364
6373
6374
6375
6376
6377
6379
6380
6381
6383
6384
6386
6388
6389
6391
6392
6394
6396
6397
6398
6399
6406
6408
6410
6411
6412
6414
6416
6417
6419
6420
6422
6423
6427
6430
6431
6432
6434
6435
6436
6437
6438
6440
6441
6442
6443
6444
6447
6448
6449
6451
6453
6454
6455
6458
6460
6461
6462
6463
6466
6468
6469
6470
6472
6474
6478
6479
6484
6485
6486
6489
6490
6492
6494
6497
6500
6503
6505
6506
6510
6512
6514
6516
6517
6519
6522
6526
6528
6529
6530
6533
6535
6536
6538
6540
6541
6543
6545
6546
6547
6551
6552
6555
6556
6557
6558
6559
6561
6564
6566
6567
6568
6570
6573
6575
6576
6580
6581
6582
6583
6584
6591
6593
6595
6596
6597
6600
6601
6602
6604
6605
6606
6607
6608
6609
6610
6612
6613
6615
6616
6621
6623
6626
6629
6630
6633
6634
6637
6638
6644
6645
6648
6650
6653
6655
6657
6658
6660
6661
6662
6664
6665
6666
6668
6669
6671
6673
6674
6675
6678
6681
6682
6684
6685
6689
6690
6691
6692
6693
6694
6695
6696
6697
6698
6703
6704
6706
6707
6709
6713
6716
6717
6718
6719
6720
6722
6724
6725
6726
6728
6729
6732
6734
6735
6736
6738
6739
6741
6744
6748
6753
6757
6758
6759
6761
6763
6765
6766
6767
6768
6769
6778
6779
6780
6782
6783
6785
6786
6788
6789
6791
6793
6795
6798
6799
6800
6801
6803
6806
6807
6808
6810
6814
6815
6816
6817
6818
6819
6820
6821
6822
6823
6825
6826
6828
6829
6831
6833
6834
6835
6837
6839
6840
6842
6844
6848
6849
6851
6853
6854
6855
6856
6857
6858
6859
6860
6865
6868
6869
6873
6874
6875
6877
6879
6881
6884
6890
6892
6893
6895
6896
6897
6900
6901
6905
6907
6911
6913
6915
6916
6917
6922
6924
6925
6928
6929
6930
6934
6935
6937
6939
6940
6941
6942
6943
6944
6945
6946
6947
6948
6956
6957
6958
6959
6960
6961
6963
6964
6965
6967
6969
6970
6971
6973
6974
6975
6977
6982
6983
6985
6988
6990
6991
6994
6995
6996
6997
6998
7000
7001
7002
7003
7004
7005
7007
7008
7010
7012
7014
7015
7016
7018
7021
7023
7025
7027
7029
7030
7032
7033
7034
7037
7040
7041
7042
7044
7047
7050
7051
7052
7053
7054
7055
7057
7058
7059
7060
7063
7065
7067
7068
7069
7070
7072
7073
7076
7078
7081
7082
7083
7084
7085
7087
7089
7093
7094
7095
7096
7099
7100
7101
7102
7106
7107
7108
7111
7112
7116
7117
7118
7119
7120
7121
7122
7123
7125
7126
7127
7128
7129
7130
7135
7136
7137
7142
7143
7145
7146
7149
7155
7156
7157
7158
7164
7165
7166
7168
7169
7171
7172
7173
7174
7177
7178
7180
7181
7186
7189
7191
7192
7193
7194
7195
7196
7197
7198
7199
7203
7204
7205
7207
7210
7217
7219
7220
7221
7222
7223
7227
7228
7229
7232
7233
7234
7237
7238
7239
7240
7243
7244
7245
7246
7247
7248
7251
7254
7255
7258
7260
7261
7263
7264
7268
7270
7271
7272
7273
7274
7276
7279
7281
7285
7288
7293
7295
7299
7302
7309
7310
7312
7315
7319
7320
7321
7326
7330
7332
7335
7336
7339
7341
7342
7343
7346
7348
7349
7350
7351
7354
7356
7358
7359
7361
7362
7366
7368
7370
7371
7374
7375
7376
7378
7379
7390
7391
7392
7393
7394
7396
7402
7404
7405
7406
7411
7414
7415
7417
7418
7419
7420
7421
7422
7429
7432
7433
7436
7437
7438
7439
7440
7441
7442
7443
7445
7447
7448
7449
7450
7453
7459
7461
7462
7463
7464
7466
7467
7471
7472
7478
7479
7481
7482
7483
7484
7487
7488
7489
7490
7491
7494
7495
7496
7497
7498
7502
7504
7506
7509
7510
7516
7518
7520
7521
7522
7526
7527
7528
7529
7532
7535
7536
7540
7542
7543
7544
7545
7547
7548
7551
7553
7554
7555
7561
7562
7563
7564
7565
7566
7568
7569
7570
7574
7575
7579
7582
7584
7586
7589
7591
7592
7593
7599
7600
7603
7604
7605
7607
7608
7609
7612
7613
7614
7615
7616
7617
7619
7623
7626
7630
7631
7632
7633
7634
7635
7638
7640
7641
7642
7643
7644
7645
7647
7648
7651
7652
7653
7654
7655
7658
7659
7661
7664
7669
7670
7671
7676
7677
7678
7680
7681
7682
7685
7687
7689
7694
7695
7696
7699
7700
7704
7705
7707
7708
7710
7711
7712
7713
7714
7715
7716
7717
7719
7720
7724
7725
7726
7727
7730
7732
7733
7735
7736
7740
7741
7743
7744
7746
7748
7749
7750
7753
7755
7756
7759
7760
7762
7764
7765
7766
7767
7768
7771
7773
7774
7776
7777
7778
7779
7780
7784
7788
7792
7793
7794
7795
7796
7799
7800
7802
7804
7806
7807
7808
7809
7811
7812
7813
7814
7815
7816
7817
7819
7820
7822
7823
7824
7825
7828
7830
7831
7832
7833
7834
7835
7838
7841
7842
7843
7844
7845
7847
7848
7849
7850
7851
7853
7854
7855
7856
7857
7858
7859
7864
7865
7867
7868
7869
7870
7871
7873
7874
7876
7877
7878
7879
7881
7882
7884
7887
7889
7890
7893
7894
7895
7896
7897
7898
7899
7900
7902
7905
7909
7915
7916
7917
7918
7921
7922
7923
7925
7927
7928
7929
7930
7931
7932
7933
7935
7936
7937
7938
7939
7941
7942
7943
7944
7946
7947
7949
7950
7951
7952
7953
7955
7956
7957
7958
7961
7963
7964
7966
7968
7971
7972
7976
7977
7979
7980
7981
7982
7989
7992
7993
7996
7999
8002
8004
8005
8007
8011
8015
8016
8018
8019
8020
8025
8026
8027
8028
8031
8032
8034
8035
8037
8040
8041
8044
8045
8047
8048
8049
8052
8053
8054
8056
8058
8060
8061
8062
8063
8064
8065
8066
8067
8068
8070
8071
8072
8073
8079
8080
8083
8084
8086
8088
8089
8091
8092
8096
8097
8098
8099
8100
8103
8109
8112
8113
8114
8116
8118
8119
8123
8126
8127
8130
8131
8134
8136
8137
8139
8140
8144
8145
8146
8147
8148
8151
8153
8155
8157
8158
8160
8162
8166
8167
8168
8171
8172
8173
8174
8175
8176
8177
8180
8181
8183
8188
8190
8192
8193
8194
8195
8196
8197
8198
8201
8202
8206
8209
8213
8214
8216
8217
8219
8221
8223
8236
8238
8240
8241
8242
8243
8249
8250
8252
8253
8255
8257
8258
8259
8261
8262
8265
8268
8269
8271
8272
8274
8276
8278
8279
8281
8282
8283
8286
8293
8296
8297
8301
8302
8303
8304
8307
8309
8310
8311
8312
8313
8315
8316
8318
8320
8321
8322
8323
8325
8326
8327
8329
8331
8334
8335
8337
8341
8343
8344
8346
8349
8350
8351
8355
8357
8358
8359
8361
8362
8367
8368
8371
8372
8373
8376
8377
8378
8380
8382
8385
8387
8389
8392
8393
8395
8396
8397
8398
8400
8402
8403
8404
8405
8407
8409
8410
8413
8416
8417
8418
8420
8424
8426
8427
8428
8429
8433
8434
8440
8443
8447
8448
8449
8451
8452
8453
8454
8455
8456
8457
8458
8463
8464
8465
8470
8471
8473
8475
8477
8478
8479
8480
8481
8483
8484
8485
8486
8487
8488
8489
8490
8491
8493
8494
8495
8496
8497
8499
8500
8501
8502
8503
8506
8509
8510
8511
8512
8513
8514
8515
8516
8517
8518
8527
8529
8531
8532
8533
8534
8538
8540
8541
8542
8543
8546
8547
8548
8549
8551
8552
8553
8557
8558
8559
8564
8569
8570
8571
8573
8576
8579
8580
8581
8582
8583
8587
8588
8589
8590
8592
8593
8595
8599
8600
8601
8602
8604
8605
8608
8609
8610
8611
8612
8614
8615
8617
8618
8621
8623
8624
8626
8627
8628
8629
8631
8635
8636
8638
8639
8640
8641
8647
8649
8651
8654
8655
8658
8659
8660
8661
8662
8663
8665
8666
8668
8671
8672
8675
8676
8677
8678
8679
8680
8682
8684
8686
8688
8689
8693
8696
8697
8698
8700
8701
8703
8709
8711
8712
8713
8715
8716
8721
8723
8726
8728
8730
8731
8733
8736
8738
8740
8742
8743
8747
8749
8752
8753
8754
8756
8757
8763
8765
8766
8767
8768
8770
8771
8772
8773
8774
8775
8778
8779
8783
8784
8786
8787
8788
8794
8795
8798
8800
8801
8804
8806
8808
8809
8810
8811
8813
8814
8819
8822
8823
8824
8825
8828
8829
8831
8833
8834
8835
8836
8838
8840
8842
8843
8852
8855
8856
8859
8861
8863
8866
8867
8870
8871
8877
8878
8879
8880
8881
8882
8884
8889
8891
8892
8893
8894
8896
8897
8898
8899
8902
8903
8904
8908
8910
8912
8913
8914
8921
8923
8924
8925
8926
8927
8928
8929
8932
8935
8936
8937
8938
8940
8941
8943
8946
8949
8950
8951
8952
8953
8954
8955
8956
8957
8960
8961
8962
8963
8964
8965
8966
8967
8968
8972
8977
8978
8983
8985
8986
8988
8990
8991
8994
8995
8997
8998
9001
9003
9004
9005
9007
9009
9011
9012
9015
9017
9019
9021
9022
9023
9024
9025
9027
9028
9029
9030
9031
9032
9035
9037
9041
9042
9043
9044
9045
9047
9048
9049
9051
9052
9053
9055
9056
9057
9059
9060
9061
9062
9071
9072
9073
9074
9075
9077
9079
9080
9081
9082
9084
9088
9089
9091
9092
9093
9095
9096
9098
9100
9102
9104
9105
9107
9108
9109
9110
9111
9112
9113
9114
9116
9117
9118
9119
9120
9122
9126
9128
9129
9132
9133
9135
9136
9137
9142
9143
9144
9146
9147
9148
9149
9150
9151
9152
9154
9157
9158
9159
9162
9168
9170
9171
9172
9173
9174
9175
9178
9179
9180
9181
9183
9185
9187
9188
9189
9190
9193
9195
9196
9197
9198
9200
9201
9204
9205
9211
9212
9215
9219
9224
9227
9228
9229
9230
9231
9232
9233
9234
9236
9237
9238
9242