5097 5541 010
9929 4751 3005
22102 3717 947
17913 782 4872
20099 2292 488 589
4123 1249
6034 4203 2951
4122 98 4925
8102 4447 2517
1926 71
12227 113 153
2005 1192 2705
9943 1943 1282
3944 223 1367
18312 1743 4465
13961 5072 3716
16111 4915 3718
397089 4342 2012 807 5010 4635 3511 818 798 5014
12053 1667 1069
2075 3422
5913 2187
7800 3205
10255 861 2467
0 2287
11959 3192 3779
6123 3896
12130 3703 4878
0 209 1946
3983 3383
9777 1143 1914
3987 459 169
8061 1424 2572
23789 2035 1858
48739 1957 4424 3641 1663
1929 1496
4016 1464
14359 4886 5074
5991 1400 445
12016 706 3688
38051 4805 2580
14080 4203 1500
2000 1878 2709
10143 4147 4271
95130 2033 2493 3498 5068 3046
180945 106 1269 1960 87 3103
70049 1393 2417 2687
2049 1446 4391
1963 902 1729
138493 1790 3665
3995 4707 3991
11810 3936 2194
391133 2535 3914 3190 1865 3275 4010 499 3246
28040 2491 245
12015 2697 4428
2087 73 4243
14362 4193 2526
28210 69 5017
5997 4873 1566
3980 3524
58945 178 2830
9969 3596 3728
314459 2522 2674 1926 4084 2240 1634 1060 4645 318 3360 3438
18001 3476 2941
2004 948 3680
10089 2449 2491
11868 5018 3884
6127 1537 4273
6055 115
13946 127 2210
26075 2528 56
8370 4796 2586
457026 1915 431 3620 9 2459
338185 4844 4314 3623 959 240 1898 789 4748 250 635 3675 3379 4281 3864 232 2410
3943 2216 54
10153 1232 4777
8022 4761 3138
188060 2417 2953 1006 141 2487 4686 2936 4801 4995 4632 1805 1207 1309
8002 4184 1512
6090 2947 4152
14335 4319 2813
10122 4865 3160
0 3983 1258
16241 2230 405
8076 2020
6035 4180 571
8189 3593 1535
9983 535 3118
18287 44 3658
4081 2071
10166 310 2494
3987 5090 3115
26361 1730 3977
2042 3293
17780 974 2377
10326 3580 1130
64023 2010 4854
10162 3011 840
12826 823 137
1994 4224 7
4034 2750 4462
22015 3728 2444
2013 2794
203202 2677 2726
10080 567 4095
10114 1239 1110
2045 2928 4551
85875 4416 44 1547 2154
8096 654 2666
12077 4468 1774
8037 1154 3669
2016 114 838
25887 144 1474
8014 3525 2063
14338 4403 10
148301 942 2192 2233 387 1504 3779 1221 110 3685 4414 4538 838
16176 4810 67
93530 4479 3970 321 1412
16284 4916 1051
0 328 3596
0 4529
30152 1566 3837
10127 1950 282
7904 4283 2632
10308 335 4816
6231 138 2309
31826 2474 905 3039 2848 3320
2004 3906
7959 2046 68
10144 830
22251 2388 4430
8055 4252 4253
9925 708 414
8954 548 3657 3569 1123 4414
3975 458
12152 1180 1354
10123 4844 3213
529147 1118 4536 295 4838 3091 1890 307 4897 5066 4391 2349 2461
10856 227 97
4133 124
8100 2172 4815
1961 1695 4312
82358 76 3887 3472 3236 1612 3223 201 1594 3083 366
50182 2320 3635
14157 3908 1120
19852 4114 111
6204 5008 4958
10209 4480 1287
27780 4725 1732
4067 3746
6029 755 4317
2022 1696
5999 4762 908
14367 3397
6101 10 2647
30345 1452 542
2028 3509
4007 429 4489
42332 3195 924
7996 879 4069
20106 3509 2736
13859 3514 405
6125 4153
14124 2764 2612
2119 5026 3101
1018716 1553 479 2256 3835 2558 3798 495 4239
1918 3942
1999 741
3971 1097 1198
33927 1151 2128
112908 1573 4661 2197 4167 2317 30
917522 1311 3074 4257 1872 207 1262 2588 683 4298 3905
3948 3054 1526
398296 2263 504 4204 830 416 3649 192 1285 1864
1987 4764 492
18045 4024 3114
8263 4181 3152
3953 2508
0 584 4203
60787 1905 59
10031 2446 3617
44388 2462 2281
2015 1460
34230 3267 4681
427002 1269 3964 3129 3097 2365
1897 2156
16020 3099 3190
20118 2801 4320
16153 2719 2670
9954 4382 2327
5933 4211 4263
72489 1562 4695
43608 3220 4523 2261
22292 172 3679
4060 4933
6026 3328
7976 1717
10055 4649 1300
18108 2693 3941
44463 2455 4570
11986 1104 1146
8036 4794 2490
6206 141 1204
12106 3163 1477
10048 1500 288
16099 854 1250
20077 3412 2469
5855 2897 5041
7993 3761 170
21279 1364 3979
2028 4322 27
9946 4827 4385 4301
18282 1455 4997
14173 4026 3043
163202 2505 1861
57651 842 3680 1689 3860
66332 2321 1005 481 4688 3058 2268
6026 4638 1852
36142 3695 3560
2050 3861
1978 803
7950 4528 3707
2009 2455
5792 1453 4619 3283
3944 13
28046 4496 3627
11970 2159 2326
2054 1510
4055 137
9905 2858 992
13980 2925 2817
12108 4813 1528
8108 2161 436
1998 4457 72
11918 2283 1451
14244 1854 1579
12266 1476 2112
10090 1303 3302
4023 3105
3885 1567
20273 2435 4075
0 72 4890
1951 3459 1039 3964
14147 373 1715
1960 2634
22518 2103 1867
193538 1403 2522 2172 52
0 614
843 2081 3821
18020 3691 2223
8216 2147
10040 3440 72
40439 4938 801
30017 2056 4130 2678 1337 2708
3963 1713
6028 1922 3631
4054 3373 1006
2097 1314
7984 3633 4016
3940 4706 1757
3990 2479 3154
2029 4062 1238
14216 3972 2779
2047 3283
6177 4298 2810
18053 3187 2999
10195 4173 1495
0 1597 855
14037 4045 2570
6096 4946
8093 1151 3865
124381 4417 1918
1941 3220
2035 2132
1983 4902
10328 4290 2595
24454 4358 752
32322 2370 368
4080 5040 3937
80374 3863 418 4721 1259 1203 1451 2993 4380
42474 4997 3098
6098 1389
20393 4169 5021
36420 2213 3262 121 4226
54517 2480 2465 2915 4168
8015 916 3282
0 1393
8051 2428 5018
2035 2585 4483
6007 203 3786
5954 2249
10040 3957 3317
16098 2833 558
3918 3374 4125
10213 3613
12199 3638 3486
220408 136 1348 1890 685 3136 3422 2689 1853
0 4020 1186 1063 3669 1377 645 4808
8080 1988 2657
42243 4191 1993
124979 2503 3869 3796 3638 2786 2913 2649
3961 3590 4471
0 3912 421
40220 3229 3869
10248 3891 3093
4086 2324 1031
22173 2879 2054
2070 1000
0 4356 136
6093 686 1653
7929 3960 3310
4068 89
1985 2436
11896 1756 1267
2132 3115
42733 1765 993
2059 1178
6175 1995 3235
8264 1188 4621
14056 3735 61
5807 3147 3871
4099 3304
13468 116 1622
0 4834 552
8119 5003 1641
3980 3387 4728
2027 3766 1333
18256 4251 5065
12221 2620 976
1970 1801 118
17900 1338 622
62203 3978 1703 3392
0 1857 2879 3056
1992 732
4091 2933
10437 520 847
77088 4334 123 2538 1888 982 2222 435
26505 1598 2573
2045 956
10071 1860 2882
10005 4616 850
1982 3682
3970 1932 4554
5947 3001 5083
5956 4625 2387
10206 1633 2767
9970 4274 4961
13941 4726 1784
791 1622
1957 1554
3941 4832 3647
6121 4717 2959
10067 1809 2097
2044 4931 2244 3228
2048 2676
72260 4221 1380
17883 2421 1331
2056 4891 1453
0 3403
24185 4501 3430
1969 2465
15875 4098 2552
5892 1451
50161 401 503
0 1242 4393
293598 3979 3931
2100 717
0 3087 141
30119 1194 2541
34255 276 1796
14399 1139 2426
0 4342 4807 1841
24220 704 3400
1994 714
8083 2744 242
7933 1754
9865 2622
1965 3501 1831
2011 1140
6000 2548 4208
4061 2153
0 2297 4217
9987 4799 2266
1942 4341
0 1930 2457
9872 2415 3829
22172 2893 3402
6098 3161
13952 5083 114
20063 3602 1042
851517 479 2220 4478 2839 3074
35843 2192 4583 1648
2019 3427 923
88085 1216 1403 1818
14141 1312 3172
2025 4103
4061 1076 1589
11988 2563 2842
889000 1807 3179 1429 2142 4080 4298 1311 2365 442 2105
43626 1566 4224 4409 483 4923 3982 4924
9900 3409
6042 1454 5001
40163 3844 362
1977 2916
1981 1656
2019 3742
295175 3493 1943 160 4215 2189 3390 82 3110 2927 1812
1961 4772 4854
13958 1263 837
50040 2235 1376 4334
8134 4569 2746
11931 439 2910
11919 3800 1164
2017 3004
13954 3737 4987
13963 131 4809
10083 4669 1184
44205 3242 172 920
6065 3941 1476
9958 690 278
4002 2418
9870 3090 1388
5920 301 4738
1932 4145
1904 4433 2993
6003 4771 2829
24192 3033 5067
42718 4711 3270
42565 2932 2753
34362 2354 4179 4864 2516
4049 156 2321
16276 1705 1431
138606 4641 71
7997 2487 2863
1997 2091
15759 4278 1857 1326 1205
18360 3703 335
4098 231
26256 3681 4716
18235 3903 927 3205
1951 410
10261 1950 2213
6136 2029 712
28587 3054 397 3199
9800 4998
2003 478
65712 1043 1689 37
1972 2457
6148 4737 605
20346 3683 3539
1961 1126
1978 2324
14107 2580 553
153388 4952 3347 1921 1862 2141
26177 1376 4999
14150 2722 1241
5908 849 3037
290254 4734 2771 566 4922 4615
130674 4204 4809 1054 3452 3817 3923 2250 4475 5076
5955 133 1566
2007 1885 30
3911 3124
13996 4854 2594
38552 814 807
7988 633
18242 2668 4332
12067 4533 2025
5967 2838
4013 2704 4017
8005 1157
14116 2144 3105
12124 3904 4875
3988 4179 2601
14110 2375 4913
0 761
64277 3940 3350 1714 2984 4683
2120 2577 2451
6166 1943 1812
4094 3515 5028
1168212 1813 4143 444 1418 3800 2327 1366
935221 4710 164 389 3617 2558 1099 3554 4328 2912 1263 2587
24221 1666 1273
3945 526 215
22263 4594 1645
10004 398 694
37960 4957 3307 3453
5938 560
22223 587 4025
1970 1183
6096 4 4655
6060 1854
52029 1920 2883 1952 1949
13938 2427 557
1987 173 702
6090 4881
5921 4826
14215 164 976
3994 2588 4304
18024 3840 1128
4046 3809 4880
97992 4479 4275 1013 51 4690
7980 4882 1725
9858 641 4812
2038 3608
58282 362 3902
12023 2263 172
51833 611 3435
70223 2638 4221
2035 3721
26330 1053 1001
8030 2480
8126 2826 2330
3864 4705 1326
10109 4831 4648
4089 3271
5974 1799 2977
1988 3238 2645
62092 3064 3605
10078 2955 1094
8271 3497 4214
11949 1998 2274
12039 1206 334
13793 1393 1264
53982 2309 2634
26061 901 1967
1972 4950
26310 4498 2077
4151 3289 481
9705 3119 4391
100910 2414 1070
4011 4589
23828 2309 1683 4904 3308
34401 4514 1821
1980 3097
1996 4333
6073 3760 842
10016 1994 86
14242 2871 2071
3996 3455
6055 1871 4292
15915 2735 2471
22272 1135 2607
6063 3650
30353 154 2860
10131 4910 1541
2061 1302
20048 2591 4644
13980 4218 2944
43904 796 3070 4288 4425
2003 132
223598 4928 4991
2040 4476
2004 4314
1911 322 4241
6055 451
6090 3536 4618
2022 2629
2085 3961
15956 491 3498
527166 985 2423 4444 2499 291
6091 660 2392
9887 3997 485
7884 4031 4927
5914 913 1245
18181 4116 4435
3967 2214 4468
11783 1784 4283
271284 4225 456 1143
8077 4462 103
12090 3150 4610
16004 3583 3094
10178 1355 4470
8005 84 859
50535 4020 1001
44118 2115 4167
4023 1183
10362 3101 4902
0 2869 1071
126412 4056 1006
10005 3661 672
1970 3369
21949 3929 3367
0 1457 4314
1984 4061 3280
4015 909 4213
4057 1273 177
7863 4843 1811
11971 4195 3496
247478 2679 794 2845 2309 486 4596 2930
1943 3341
8122 2701 4
2009 2625
14273 4921 2980
12166 2876 823 2013 2566
28269 3745 2966
8166 3712 4193
50666 954 2860 4219 4524
2012 4258
3929 2114
7982 4135 4044
4063 2353
10108 2459 2765
8142 3508
5835 3310 3188
7866 1243 1184
2005 4409
8166 447 4138
24266 4101 1229
3928 2946
13935 4631 2280
8080 4517 4948
26339 2282 4935
55795 4055 505
4084 1431
1950 4074 3314
0 3347 246
10123 4423 2926
8023 2550 1574
5915 1737 3427
2046 2638
0 2592 2533
9783 4013 3038
6160 2451 4872
7953 3013 329
18219 3451 1628
1926 3258
6083 684 3731
69186 1025 1674 3830
34520 2984 1660
17699 4499 2143
16226 3842 3419
7866 1507 1671
12072 4872
13833 1990 2427
15976 3369 463
2016 4998
1981 72
1915 2241
0 5029 3295
2066 2849
2055 3026
18203 830 2348
6031 2702 501
6134 661 3630
21919 3469 3170
2089 4717
3935 2251 296
6085 1184 1217
4045 2455
14155 5084 1325
3993 4646
4034 3116
20198 2599 1309 4686 2885 4063
0 4249
7902 3170 4635
10333 1716 107
18103 2393 1210
1982 1835
22155 2073 2932
11834 4318 856
1967 2099
2041 3123 559
10214 642 1663
1998 4614
10263 3179 3060
4090 3935
9980 3541 1641
1977 3578
18141 1144 4413
28370 2996 2730
4003 2902
30433 2022 4404
572184 3481 4219 2860 4686 2226 1568 4545 4696 2748 3919 2858 4970
9898 578 1278
7983 1061 3875
44418 4044 2483
10069 4471 4955
6092 1496 1624
10083 1954 858
22217 3515 2165
34326 1921 2027
34017 900 1437
10043 874 3069
12037 3471 1654
8163 4069 170
2060 625
42346 295 907
6183 3027 308
2092 1496
3997 3378 1847
19907 1422 3517
6015 3413 418
5924 969 4100
34271 731 1467
5880 3254 2096
0 483
22060 1323 1794
2030 2026
1934 2279
25820 1250 2221
14088 940 1838
4011 3230
9954 1107 2291
0 492 3528
1968 1421
24204 2228 371
6019 3692 3913
14045 38 4366
10049 4945 2431
7906 131 1310
2008 1964
0 2470 1727
10058 1531 1447
12272 441 3345
4042 1130 2345
3988 2099 372
151969 1016 4648 1628 2598
20124 3992 1921
28392 365 814
4156 4414
2030 3537
13604 4542 1999
4195 4690
2031 1687
7889 1931 2642
6114 1205 4940
8256 3991 4749
24275 1789 4861
1984 2879
2074 1247 1509
12035 3026 4030
1977 3685
34495 4870 692
5912 332 4239
2021 843
33957 4176 3203
2824 3642 2455
2018 2447
8143 1400 2921
1985 2672
4166 2372 1898
6073 5060
1999 2094 166
2027 3415 4203
12004 2747 2575
12038 3702 3799
1994 1348
6084 2230 4415 2269
18274 2335 2942
4089 2227
873 1255
279521 2845 1034
20047 4902 4920 2293
32610 275 978 4358
8187 1619 4107
9889 4327 3208
1988 149
4172 1085
0 4293
1966 911
24185 1199 5085
5875 4926 3131
24169 4838 473 4536 1023 1158 4313 4892
3959 3749 2198
6072 926 3498
13889 1451 1775
38320 1867 3113
12348 2481 4284
11946 2835 1347
1982 2258 4240
2092 4108
51101 990 2226 4219
1936 2457 2381 3702 1151
6008 2162 4765
4095 4511
0 1767 2956
11836 957
1991 2403
11976 3884 5095
22269 1481 936
18212 3400 4729
24588 1640 3274
17931 1013 2800
13960 3081 3
20332 1211 4773
18270 1969 3428
24560 2493 1230
5950 1397 1762
13945 4824 2583
26669 3306 1905
2055 72
13879 3572 3085
34018 2527 2124
34056 3916 2433
4094 2780 2168
247442 4534 587 3480
8137 855 1322
36001 3667 547
30379 3576 4295
3934 17
4007 3899
3977 3023 4741
42439 251 3297
2072 5019
82158 1048 943 3611 3958 4793 4993 219 941 4476 4095
6021 4747 1091
13987 4963 1180
26352 3889 4978
170597 2421 17 3111 3590 4450 3961 3075 3787 462
7976 3180 2644
4024 3676
4106 3705 3947
0 1228 3298
20082 2862 1144
3985 2455
36501 717 462
2119 1979 5014
174302 2994 1034 1771 1244 1367 3026
1970 2057
11992 2050 17
15999 871 3909
449631 3914 1634 4226 2324 2864 4145 3221
140322 4213 3532 3759 909
9974 1669 4842
420072 830 592 4863 97 2386
39552 4581 3520
77312 3821 1344
2087 1023
3966 4359
8203 1975 1288
1960 2804
406331 823 172 128 1109 1869 640
1970 3382
2006 4984
20090 1895 4250 3733 4374
8015 3589 2623
6057 1414 3294
24202 5012 3423
9905 407 2721
30193 5094 1316 3266 110 4934 114
7962 5035 3012
12186 96 3826
22063 3006 2399
111601 534 2745 214 1689 4573 3845
10114 733 3628
244361 4785 3797
4114 3292 1218
38292 2320 3030
8865 334 882
16097 3664 1519
3944 455
10027 339 3695
36290 2331 4482
7988 2354 4699
7925 4512 4111
2084 204
4034 266 795
7908 658 2512
9928 3819 1593
14106 677 3215
5977 3169 571
2029 4709
14303 1317 22
12144 1222 3165
11842 4320 4229
1977 1614
10282 3199 1491
9887 2809 4702
21996 4575 4157
10298 2779 3790
2044 2988 1006
6034 4754 4098
10002 2565 819
5985 3979
11833 3854 4767
14106 681 1344
34529 2270 993
3978 4700
3916 3208 3158
1983 3396 2850
9967 158 1271
14324 4267 3032
1914 3237
6089 847 2146
1990 3974
6025 948 3510
4169 1364
8130 2791 1439
4115 5073
32295 4347 3330
4061 1183 4754
7932 4171 4119
4058 1765
47659 2166 1442 1677
4026 3100
10106 4121 2826
4077 2004 2509
2032 3161
10092 2657
1926 4708 4358
4095 3524 2239
46141 2597 680
26141 523 4548
0 1674 47
18247 1780 4083
2099 3464
8104 3461 125
18248 4063 4163 3250
44354 685 3771
112878 1404 2110 4038 151 2776 4671 3964
2035 583 821
10140 3254 2383
6001 758 1927
18002 1197 4809
1963 562
94834 3484 2120
13783 3730 929
4003 284
7886 970 1661
2040 2361
2017 1535
54035 416 3824 2263
6114 4437 1384
20385 1744 3967
8214 391 2009
30254 5013 157
22229 1160 4585
6036 4855 763
4015 438
16276 1681 4096
17761 915 3481
1973 3277
162792 2099 4797 2849 1070
5983 1103 2903
9962 3953 1106
21948 4184 2534
14194 2257 2392
28393 778 3664
72067 1378 2576 3645 1558
3912 2385
30525 1058 3206
108332 4079 4805 699 5086
3978 3811 803
0 4414 114
10069 971 803
44552 4786 2821
22260 4559 1184
78894 3454 2774 1656 3473
30203 2487 2
6025 63 884
4023 1570 3167
8043 1332 3558
805 1760 4215
2018 4164
6138 3128
23892 595 3892
4262 4979 3042
4090 337 2971
13902 1943 775
16304 1939 4809
26316 72 1730
32371 4459 3802
4078 4617 1705
4023 3809 2804
10211 3494 4854
3981 2042 2592
3854 4862 2984
7880 2885 1310
2044 3659 3776
3939 5064
1958 2732 691
15913 2848 917
12023 3067 943
2031 2062
3953 3611
21753 1840 93
7966 2158 2426
14242 327 495
5909 2872
24392 752 3480
470543 2417 2953 2137 2856 2450 3560 5056 2254
25935 4162 4196
4019 1208
2048 335
4000 3278 1634
22271 3458 2993
18962 558 1999 4444
36112 2468 1187
11854 3765 3008 3254
0 1565 2759
22230 1544 2651
27581 770 1928
175534 2221 4969 2763 1358 2685
3944 228
40693 314 875
11920 3322
18439 2068 3232
144188 1441 4371 4640 1276 1749 3543 2465
5895 1883
52403 4927 2327
0 3096 2784
126348 4557 2681 4203 3699 1731 1741 4355 306
141277 3291 2416 508 4461 4388 572 2132
1966 2066 4907
18076 3740 3099
0 1721 2954
26513 215 3719 4759 2815
117198 76 4148 2867 3566 4126 2271 255 4086 3158 1167 1146 869 577
48448 5036 1260
8134 4407 1920
9874 2037 4791
10065 2015 3083
13914 5047 3917
30519 4773 3439
21983 781 499
4002 3593
14209 1186 4881
214379 1360 3852 715 1218
22424 4935 2790
10084 4955 5014
20077 2426 3952
19891 2347 2037
5974 4910 1838
233992 3674 3868
2087 761 826
34312 3478 3142
69186 626 4121 3830
10149 4184
6117 2354 4133
12012 3985 3936
17942 3026 4631
10171 4161 3910
2043 304
34162 3198 2707
4113 3723
287585 816 3026 750 1129 3292 2038 2845
22092 2459 3051 3904
10149 1555 4764
4052 2419
4053 1071
34235 3459 4839 2662 2332 241
4076 4844 4798
2018 1456
17919 3009 388
55884 445 1822 3231 5063
11890 1675 1666
8028 3716 4567
14183 1230 4727
9974 4900 3420
465077 1865 1919 2535 4226 3363 4661 803 2970 4436 2593 1726 1428
6022 2805
12233 2639 2701
24359 117 2839
12018 1498 2243
22315 2355 508
6054 457
4077 4648
6146 2690 2816
8054 2958
22413 2350 939
4066 4601
2065 61
11837 3832 673
9972 4370 1154
0 296 4751
10095 2131 5010
18086 3005 4020
38216 4716 2507 3112
205337 4515 4868
16228 4488 3687
18156 18 4225
108958 528 931
4053 576 1038
11933 4282 4406
10018 1561 2321
4044 1548 2002
1987 3368
4034 395 1469
4107 1909
1976 2263
6179 3601 1163
4004 4589
5938 4154 3926
14121 1735 2230
4054 1529
23831 1224 3330
6254 756 4203
14014 2938 2122
24148 4578 3924
18142 5007 2019
21913 3532 5008
42000 1251 4127
2018 804 3254
0 3527 3026
2006 3386
2023 517
6024 4215
7916 4869 1501
2007 4244 167
7948 1980 3862
6135 479
2028 2215
68823 5058 3656 1183
20418 1851 2628
32647 4455 2213 932 1308
5999 199
5931 1302 2694
5979 933 4093
5931 2975 701
8068 1985 2710
2023 830
6042 4522 104
6047 3389 1552
10049 3801
26186 1480 3233
22249 3585 2857
4056 2447 2244
0 1457
6028 1685
39823 136 4821 5031 4008
2074 2002
6174 143 2413
1977 2641
22043 4247 4486
88202 1133 2325 3870 3417 2705 2686 132 2192
4074 2207 1546
28352 2044 2736
10003 1313 449
2032 1981
23947 497 2487
30257 2012 1034 1391
8175 713 94
30204 4270 1783
32037 1393 2941
24253 3385 1123
4056 1644
18239 4948 540
38107 1556 2289
2009 3424 3854
16055 1587 2783
12399 1680 369
178392 1186 4797 4664 377 4603 1343
190909 3944 2766
8016 4079 1541 1747
320031 1396 2087 2079 29 3224 1899 4846 2321 1963 566
18079 667 812
22239 3003 1588
14079 199 1006
8072 2444
2007 4027 3623
14067 4659 3348
12085 5053
58080 2417 1541 4249 2135 2381 3205 771 3115 269 4011 168 3662 2937 3702
24267 4609 4964
4148 2454
12005 1062 109
15872 2174 1175
2016 1509
15969 468 3471
2034 2653 761
1970 4985
24240 4856 925
6180 1763 1343
2013 1438
2072 1079 4323
1913 411
1939 1541
1988 4797
15720 1006 2464
8079 4026 4974
20265 4770 4932
1976 4596
25766 2205 2785
4033 4488
18148 4149 1970
2033 3762 4168
92112 1579 4308 2188 4576 2465 4650 1155
14243 2651 3613
13996 1387 4638
12302 1892 315
4045 3924
14075 805 134
2014 4031 1615
1959 1797 5034
182489 4203 2864 1247 4632 2979 2452 889 487 4950 574 4064 1217 4193 1101 3915 3702 1918 2692
271396 2531 603 2714 2260 1427 1356 5019 3859 646 945 4779 2631 3340 415 2170
17947 4037 3352
26353 1140 296 1015 1763 1297
26076 3288 4005 986
8258 3495 317
16198 2590 3715
8069 3632 3437
22695 3880 2408
2048 2705 11
46282 2910 4127
28093 1796 367
2039 2313 4461
12006 1540 3734
13936 912 2385
2013 167
18225 1803 759
10061 3566 2297
10037 3297 1830
1974 5068 2613
28229 278 1900
2076 201 3089
120785 4785 1857 724 2939 434 4278 4909
14907 4912 520
25987 3849 76
8092 981 2790
9989 4006 4161
14078 1328 655
10147 1256 783
10372 4206 1833
17999 4983 3022
4014 2852
1996 4969 3671
82013 392 3330 3084
8033 646 1183
29960 1613 3323 845 1016
4070 4768 4076
14040 1340 1990
34053 3976 114
16020 3123 862
34365 2547 2432
21773 1621 1084
12109 3754 3200
13882 4010 1883
6127 4169
0 2844 811
22412 606 1583
20437 785 1046
8044 4418 2856
6088 74
8258 4133 2980
10039 2296 3056
25882 1638 2008
14051 2380 4607
8198 4174 2832
6081 260 1686
10173 1359 104
41942 2952 4914 2468
12201 2235 454
2049 2327 363
2001 603
8032 816
12092 562 3974
1996 2487 1856
39977 2834 1183 728 3258 2652
11922 3166 3662 3191
6160 3310 5
23960 204 698
42014 2109 1090 2713
25991 3130 2133
2039 2603
2119 4902
3979 4779 749
4057 1211
9987 1382 1525
1999 81 1459
2052 4293 278
24233 3411 1804 1007
10147 4345
1935 170
18108 407 479
15872 521 2443
198857 3944 4515
10326 3016 4210
56391 3570 3271 312 1927 4984 3881
2029 1844 4192
277622 183 4184 44 3410
4040 3815
34227 1311 1336 879
6208 3795 4796
44308 480 3375 4485 584 4039 1706 1846
7961 1410 4436
6107 3516
52519 1614 996
20337 1533 2547
9936 2229 672
16049 2943 3629
14128 1905 1479
7968 3479 3849
1933 12
82477 4550 1836
2087 4962
12019 172 1516
9959 3555 3501
10186 2557 146 2408
4120 828
6032 1955
46448 4549 3537
12269 4624 2395
38485 4750 2615 4880
17992 1697 3578
23994 1480 4104
2073 2522
12024 4309 1953
1993 1186
12115 2027
3921 3834 3563
18162 196 4653
22216 2904 1527
20328 3913 2207 3432 1733 544 1105
8199 236 2578
2041 4447
6059 4194 4299
4033 1416
8116 4483 2061
20238 3069 1103
24196 651 76
5905 966 708
753034 4653 170 4397 1271 1932 4406 4659 5045 397 1644
20003 1904 393
13982 3892 1126
6187 256 2245
1959 3559 4265
10181 838 1964
18277 1545 861
4186 4723 1920
6011 1649 2859
22169 4377 3706
14364 3986 1600
12190 795 3962
35902 2960 695
8160 2976 1481
5930 648 4333
5864 434 511
25784 3322 2137
10123 3468 1210
3892 5027
6055 2733 1792
7947 355
10116 3486 950
8035 4472 325
4093 2681
36543 3206 4084
16180 1271 3804
32028 3453 252
22000 329 3477
6058 4538
18193 2165 1220
6085 4089 2845
10079 2391 1358
113548 2790 3547 4040 1161 3313 2227 1140
63106 4141 4455 825 874
1955 3201
1959 4245
9990 767 4838
139685 2014 295 4511 3380 745 1980 2879 4953 1913 4706
22012 2079 3546
7945 4573 1490
18091 2203 3014
0 3231
2026 4038 2110
14208 134 1579
4098 570
17976 2274 1184
2019 2054
12080 991 1342
4038 1239
10217 3852 1016
5966 5000 2538
2047 1755
18210 3625 2741
12364 885 208
2029 4298
1106408 3354 4686 2860 2173 2444 478
0 13 816
2055 2484
10226 2334 3592
2039 1750 2317
2006 2083 5092
46760 3575 2411
21826 2128 3519
0 2390
1939 3968
38014 453 408 1507
2079 3551 296
160009 2937 2864 937 4152 2204 3516
3989 4409 3897
70353 354 2982
2019 3233
13974 1414 1257
21853 3257 3553
4074 921
9867 3297 3333
2017 3032 3341
17990 4642 1177
13837 420 1878 1564 2557
16080 4976 280
13733 3534 1848
28279 3449 1129
8020 2314 4491
165407 45 3913 285 3409 521 2179 4178 1132 3357 2055
14268 4561 2989
4049 4852
79079 1143 3872 2193
3970 2436 786
18047 2738 3457
18024 3498 2747
6116 37 737
6152 4555
16184 4409 4965
169267 392 245 3421 2356 1472 3143
3953 908
14111 4585 2543
36378 1978 5002
48527 4785 2978
10033 4189 1553
9917 2225 3476
14020 2185 1274
8144 3252 3865
9921 4961 116
6184 1856 2585
459641 4929 3498 3297 1382 5039 2258 4180 4701 835 2252 4240 3949
223644 4928 3914
6029 4750 1306
90653 4389 1878
8011 478 4382
10027 5094 2369
1916 3606 2219
5938 2705 703
11896 4611 689
4103 2533 2896
3997 31
2027 2059 2002
74212 1681 1845
6099 2909 1184
2014 1048 4661
9908 397
3890 2071
12225 430 612
20121 2090 4983
5955 3954
4001 2940 4886
8076 4440
12146 5078 2141
13990 680 4131
1065341 3310 3587 3570 1162 2215
8130 886 3081
38112 2838 2196
8086 996
50071 892 2166 3635
14064 1557 2040 4760
50958 2507 2411
25947 3958 4725
0 46 1641
10043 711 3521
16133 3072 2295
8288 4342 3866
3943 4678
1339518 4447 3310 233 4525 4140 2376 361 764 278 2993
22330 1779 154
12324 4617 222 356 3123
2010 4253 400
14194 5023 211
5949 3425 1041
0 1116 581
4151 2003 1655
30190 3570 3773 1258 2488 3177
9995 181 3234
30841 3276 2573
45493 3614 4581
2103 1661
12176 2527 35
14055 2716 4732
10020 2664 4795
27978 692 4856
16203 4315
233907 2099 1076 3868
4004 2814 1912
6100 2993
19984 1403 3374
10124 2278 2820
33829 111 1677
10116 3863 1615
4131 417 235
8049 202 2555
1961 3217 4466
8047 1280 2732
32110 1294 1113
12141 1324 778
2050 3905
18142 4999 4423
14036 2641 3907
19951 2944 5059
60593 3664 2043
6101 2059 3959
8193 4182
28009 2712 2949
1954 1350
8263 1618 865
8073 4661 1623
50065 3493 2342 4215 4168
1999 1914
6013 265
72510 2357 2459 2331 4988 34 676 687
18166 3505 1963
9984 3922 1052
6056 2836
10017 40 203
7916 4237 1096
2002 3285
16267 3485 4264
2026 114
6150 4215 3585
11895 1982 2545
9806 1376 630
2010 4228
2016 728 1156
388997 3931 2099 3878 4424 2439 1647 4191 226
1977 3249 4836
1991 77
6176 2444 5029
2011 3436
3963 4160
10085 1285 4852
1989 3148
2017 4093 2283
12056 848 2018
14136 4629 4386
18005 2751 3085
1989 4650 4383
18292 3575 5061
13806 3964 5052
5895 3616 1257
8010 171 4321
22184 1301 4827
16148 230 5032
10161 1083 1949
9756 3714 4636
14090 2694 711
3966 2754
12206 2567 1277
3926 3182 3589
48852 4226 85 919 4251 4344 2426
30095 4888 1888
2042 66
18282 3901 2614
21930 4780 4099
17931 3046 1196
17961 2381 1151 4079 543 1165 1142 3702
4109 3641 4516
2779 2135 3164
142742 4345 4063 4227 2985 3424 989 1593 2113
20193 1317 4326
12195 1124 3812
84120 4416 106 2154
2022 1074
13817 2954 1996
4075 3439
8001 2662
12093 1111 4844
1032474 164 3570 3271 1408 4211 3386
7961 3300 348
4081 1901 1036
38072 2231 1136
14064 2776 1443
24178 937 2609
3976 4586 1994
1991 1641
4052 1073
74412 2272 190
3919 4603
5865 2709 1388
4109 2962 988
73831 398 4568 458 4990 120 57 4945 3993
9738 238 2284
8325 5020 671
22024 2030 4060
4023 949
8131 2098 4088
13947 2180 2177
24414 169 2126
10100 616 3787
5901 3947 1801
24219 1968 1718
14246 4234 3927
46392 4870 2890
14190 1175 1354 234
2024 4844
30229 5085 2358
5885 3599 1614 3974
10264 1229
28108 4322 1916
29929 2169 3297
30037 3297 3023 1897
18003 3835 1138
16138 1145 3025
4872 395 4254
4111 1611
23845 2699 1909
0 4720
22008 857 1544
451731 2455 4204 3887 2012 1689 141 1909 2417 2953
5964 4431 5078
7876 3226 2016
0 3569 266
22404 336 2777
18248 2112 3495
22413 1321 2886
6238 2956 3055
0 4908
17884 2645 1930
4138 1782 3774
32079 2397 2657
21825 3894 4675
205351 4991 4724
6178 4789 2987
11887 1769 2106
4089 3239
6165 1590 2962
2030 141
13811 2872 1218
38339 1276 1879 864 4893 1582
6053 1475 1181
4141 3411
11962 1971 3544
2103 1491
2041 753
1973 4203
21710 2389 1224
7525 347 321
2089 1492
6026 676 4911
16169 1650 3746
0 2990 4232 3632
4074 3995
34484 623 1682 715
1986 1987 4607
2010 3482
3967 4259 4391
685638 2950 4726 2365 2503
10096 2179 344
1247664 4536 1930 1962 820 4226 4228 61 4138 983
2015 2746
32141 2126 2904
3868 1683
23827 4903 1235
14052 3969 4467
22628 4209 780
79950 3578 1446 3758 4256 2084 5043 1560 3467 2477 3598 323 665 3783 3045
64953 1806 1652 3301
7890 2837 4902
251733 4877 3747 1134 4298 1311
34279 482 2002
4022 2770 3700
10213 1510 4359
11995 3742 390
1971 4743 1319
18237 4193 1625
93789 3769 2022 4073
68958 1642 3221
6001 3964 308
6064 682 4259
8189 1458 2786
141596 3112 403 2407 946 3097
4113 4670 2060
1921 4892
4018 2141 4809 3365
34472 627 3818
1917 917 1463
13610 2464 4905
22407 661 33
30001 1909 4697
13797 4509 4701
22150 1044 480
9941 2373 18
10125 3642 4434
14020 1855 822
14216 3346 3677
3964 630
1997 2700 3726
2032 2444
0 626 902
1887 1044
4009 4405
41670 1474 892
42705 2771 4786
15830 3710 2402
8294 2519 1139
74229 2758 1426 928 4157
10156 1628 3503
7719 530 1637
5940 3565 4692
13998 1858 1117
9996 4619 4617 1238
6011 722 4053
2903 5058 4632
570744 2423 4809 1594 842 445 4694 214 1909 5030 1870
16376 3349 4531
12080 3851 3378
18102 2444 4477
6131 5063
1975 2999 2460
1987 4968 140
6014 150 4246
17992 3791 1293
4090 4490
6031 2594
2009 2367
8127 2666 4942
2003 3356
40331 330 4395
18300 4563 4373
12213 430 961
0 1273
2043 3552
14156 2413 2521
22135 4050 4684
1997 4446
60684 3662 3393
11848 2294 2652
8030 253 2687
142985 4785 474 2984 4156 2731 2664
10082 242 4372
6212 654
90928 2713 4640 3813 2554 1911 195
22152 1576 2053
4049 3657
4068 4218
0 1004
6027 2716
1958 3305
1972 2326
27045 4254 1972 3437 500
68603 1865 1919 3495 4827 1048
3979 4727 710
1954 2234 1740
5970 3776 47
26357 959 91
2054 1000
29960 147 4216
2110 1302
8111 3273
11924 3996 1082
6117 2917 4833
9790 2409 617
12097 3966 3506
1960 3002 3794
4052 3751 1728
1981 1000
6226 4597
18212 14 2223
28494 2503 922
9933 2679 4768
4046 2711 2560
1976 1142
3984 2050
10244 3161 996
1997 3017 1370
16226 3650 2967
22298 2160 2503
2017 1800 4059
15785 2818 374
8061 4447 1362
5813 3713 312
6029 258 4458
10153 2366 2630
432314 4418 4708
4832 2117 951
14140 2478 3163
10025 786 1992
8212 1186 1161
16088 3317 2611
109199 3775 2071 4429 2590 3785 2412 891 314 1844
16181 2397 3201
4083 1778 774
2038 2102
17888 2534 1609
13884 4664 2799
8149 816
44543 1777 4063
110890 4932 3239 3298
5901 108 2589
9951 764 2508
3939 4748 4457
26377 1772
12172 5049 1767
8228 2772 1452
16170 3480 903
16263 4034 3899
10296 1604 3693
34226 4702 3429 1131
15824 346 565
16021 2175 3388
22042 2498 5072
6255 3235 2315
10050 3622 4539
22173 726 1924
136414 4056 48
20434 4756 3306
4071 1330
2017 4603
20172 3418 695
28414 3372 1969
32080 2880 368 1194 4969
1995 5041 1182
26136 3423 2282
10001 1884 514
3916 3284 1753
3985 1575 328
6025 3118 5082
12098 2891 1199
2054 1260
61973 76 4989
42498 1642 2659 4836
244758 4837 397 3151
4088 2192
8192 4555 351
5947 3530 4599
9936 585 4553
60510 476 4781 4410 405
14082 3711 478
14248 2211 2077
3952 2048 3492
13858 2907 4510
2012 4291
25877 3909 392
8099 1889 2130
2015 3563 3077
30372 531 2606
0 1043 4042
38356 3780 3648
1969 3727
2009 3662
6212 4811 3543
5955 3931
70050 4037 3049
12132 4105 2624
3993 1201 2252
0 376
2010 3964
12486 1212 4400
0 3897 3353
6010 3807 656
88479 1283 3684 3666 2785
5994 2299 2365
12070 699 1021
26240 4722 2792
23880 4966 974
4107 370 4342
8220 2135
3996 2881 4978
2023 1268 1765
74267 1426 3239
25957 4630 1273
4016 688 3885
23763 3593 1390
9867 2258 3515 4102 2868
0 2512
18407 4361 1102
2042 216
6140 295 4674
86806 2414 489 4066 2635 4572 234 4919
16137 2711 1669
1996 1246 1413
96364 331 1205 434 4302 3803 3956 3034
17900 1685 32
8147 3557 3223
2050 338 4324
163208 4401 213
26124 452 4507 4237 2485
0 5021 4341
2015 172
133572 1048 1919 2535 51 3233 1874 1726 3394 4763
2065 4379
66703 244 765 2535
5762 3722 4268
10305 830 4361
10016 3021 1689
4049 538
6162 170 3168
10286 3647 4238
38284 2276 3945 1865
29954 3244 4966
3923 2474
14104 5030 3036
94655 2557 4336 41 1417 1388
20385 1614 4847
4768 1928
1999 3612 5087
11884 4645 3722
13829 1226 997
12029 2785 1799
2011 459 4661
16130 4613 3767
3941 4923
34164 1536 335
2031 4653 1819
44186 136 295 2972 4241 4408 2121 3981 1922
3962 3294 4469
20486 4956 1178
14084 3157 3702
2066 2301
24152 833 2746
4046 3752
16055 2500 1586
6230 72 739
0 1143 3506
22088 1203 3277
0 1555
22385 3889 4136
2051 4639
34094 4482 1312
280336 4100 2365 2119 788 4200 1280 4679 4349 3450 178 3597 2890
5945 2332 3261
0 3515 2472
4043 2141
96446 4434 1591 1664 2358 1077 1689 1594
6034 5051 2781
3948 1717 4698
6066 1470 1958
2068 1348
7899 1494 29
443873 71 4656 4686 4943 4504
26053 1584 2760
7922 2793 4617
126354 270 1183
139507 1048 1865 1726 4264
54458 490 2192 1008 1949 1318
137209 4952 452 679 2485 716
6013 1890 254
1946 3696
14076 4742 1789
4049 3593
2009 61 3145
14118 911 1267
15609 1880 990
5955 5009 4342
29374 1634 383 5054 1603
1986 723
8004 1311 341
30340 2273 4842
6126 4755 2303
4088 3810 3086
2003 2354
4087 2576
2073 4664
12256 4709 958
4071 2879
26004 3859 4376
0 4954
79847 476 12 405 4159 4894 957 3938
5949 2201
1942 4942 3964
1994 27 3731
6048 4594
2125 2646
44680 1920 3395 4122 2148 3828 1529 2883 490
2049 121 440
16322 3690 2515
2083 3355 490
19948 1296 4012 5082
4026 677
16083 1289 4353
1977 3845
8163 33
10178 1912 4756
9766 4662 5033
130925 44 2052
3967 2807
841 1634 2535 3123
18153 1497 1143
8134 1316 709
1988 3514
18113 4353 2142
26006 523 4667
26226 1576 2292
22435 1795 784
22241 1173 2312
11973 2245 1617
3952 1725 4882
15816 3496 3573
5972 2933 3564
8141 4314 828
10059 5075 2772
0 3137
28351 3227 1406
0 815
6045 1098 1348
6119 1127 2135
15793 4866 1506
1960 4193
8190 3967 2003
4073 1108
1989 2012
0 1629
4049 297
6161 2743 2488
11920 1220 632
8011 4205 3840
16059 1762 3758
38280 298 3780
7982 1559 535
8131 316 4658
21896 1549 2699
65953 3605 2344
3996 519
17694 720 985
20248 2987
5862 5092 4944
67183 4215 4978 3618 1119 1645 1074 1425
2044 1984 1458
2059 895 2535
1942 5013
17967 4539 4203
4143 4838
21992 1235 2733
6195 923
51979 4772 95
18205 3628 3964
789719 1594 17 2845 4444 1129 1986 3523
8112 3906 592
4019 1348 4737
14172 1010 3895
3938 1596
19988 3538 4888
3996 1519
18107 1088 3963
110507 83 3516 4771 3815 4589 2973
2088 2242 2150
32486 670 1651
3896 3125
0 2365
6090 465 3597
6115 696 4500
30291 679 1298
4036 2374
8091 4516 441
22040 3826 1569
2014 4558
14154 4430 4503
28228 4332 43
78280 4788 2507
27754 3702 32
20029 2443 3602
15872 1020 1009
4040 1034
17994 2259 2801
4065 1443
6084 4507 3770
5977 4364 964
68467 1486 3434
28292 4684 1125
10018 2919 2864
1989 127
2053 4397
15782 2974 1815
29956 3159 3236
10010 1748 818
34164 2682 3185
138997 3057 1960 2817
18212 1718 4620
10053 305 1357
22161 4829 1393
7962 252 4399
5978 4007 817
1953 4230
2070 1487 1425
4113 1657 3789
10124 1307 3586
6043 972 4072
13931 112 2492
2043 5086
225286 5082 3474
1966 4588 1002
6064 2579 2378
10317 2724 995
12245 4978 3526
33863 2089 2981
235636 1765 4447 88 2303 4267 536 3775 1430
4126 4940 4303
14115 4777 657
19832 3971 4900
4036 3034
4067 4228
20364 525 1814
10258 3420 2160
22163 1143 1349
46527 2432 2887
4849 3821 247
4076 3026 4857
2006 4996 1371
6051 3939 1641
13984 2420 2582
4049 3586
10150 1143
3984 4391 4000
27939 4738 2070
24244 2792 1432
1997 433 2125
6055 2240
1990 4782 3956
2096 4807 741
66310 3071 4456
5828 693 3698
9983 351 3882
10111 2942 1571
568464 2687 3677 714 2406 4797 931 1469 3274 659 1510 2393 4860
24137 4203 3339
12272 3719 2346
8147 4809 1768
22476 3615 244
22297 3330 3331
16913 2384 4854 397
5948 1609 4015
10094 3913 2770
1975 2137
10178 1251 2713
40527 4315 908 4038 1353 2901
0 4890
16270 235 1599
6103 2319 1544
24109 4185 2551 597 4952 4342
38134 2475 573
14160 2671 3757
8012 1760 2465
1973 3314
22370 1905 4956
106961 914 2365
1929 1890 3136
18153 4181 1086
1960 4193
38228 2417 791 4425
2079 2091 3620
30355 1573 1636
2008 2444
27915 168 1373
4056 4807 2798
10085 1819 3554
6064 1064
235000 3291 4880 4254 3634 2209 3877 272 1001
17809 1252 2931
3959 2483
12860 1842 2237 1543 1981 2381 3702 1151
40527 4561 2150 2654 2559
436137 3442 979 1327 5081 2108
14422 5071 3310
10114 5004 2171
3970 2911 4322
147759 3241 4809 3347 3152 1659 1908 3181 1436 452
18036 1966 397
17692 628 5006
16117 2758 469
9982 4372 2426
2055 882
14393 249 4816
1934 1949
3977 5081 3807
6091 2021 2136
5978 2977 2785
215903 2675 4110
40044 4675 4226 379
15918 3729 106 1547
14160 2915 4194
11828 184 2502
1985 4992
2016 975
18033 4960 225
16325 2078 1752
9877 4203 231 3319
2029 4235 772
1990 4112
2052 3060 3559
22322 678 1340
62106 892 2289 2398 1442 3376
10017 2294 4669
6054 793 3082
21870 4111 1585
269755 3702 4652 1184
14190 2139 4270
6150 245 139
72017 1366 3473
5970 1155
5949 1785
14256 2337 2659
14039 1572 4988
6084 4519 3482
28465 1393 2787 1633 4178
15920 2905 1572
10062 4244 4099
5986 3887 4612
2033 4150
4050 3740
16102 2275 1410
6048 4830 4547
19867 3251 20
14163 2857 1175
5919 405 4070
15998 3065 4438
10072 4686 2778
257629 1920 3887 114 390 2676 2544 1808 1123 4367 4994 3742
62742 2640 3634 4352 1396
9806 50 2389
6021 2470 3867
40064 1440 4772
14040 4591 169
3959 762 4528
4021 2626 3047
0 3933
9914 4125 1944
2003 2935
8086 1351
2062 3290 1378
25735 4541 1171
4020 2619 2340
2001 1302 1124
85890 3978 2409
27513 4118 2132
9984 68 3039
6009 1814 2448
0 2961 3656
26553 1103 2903 282 440
10085 2788 564
8073 1100 1438
3943 73
3670 3063 4621
26196 3259 3460
2044 3111 1420
6151 2482 389
233427 991 2308 698 3370 4606
14319 2506 335
18131 248 1743
24193 3264 2475
9932 4680 1409
27485 770 671
6167 1343 748
24294 4884 704
14116 2455 1278
18273 82 746 1082
36101 4825 1556
26429 3191 2578
1973 114
3912 1728 2602
12134 1241 408
42787 3171 2426
2004 2135
22293 2395 3281
10957 899 2441
12110 2092 61
1915 636 4689 3280
6166 4759 2021
14094 1052 4648
1995 1115 352
64313 1314 1971 4242 4108 5080 4233 2309
1982 3502
0 3102 3621
2050 3241
11862 289 2634
2049 457
5917 3551 645
4084 1830 1414
2039 4189
2081 979
2015 3781 3772
24051 3035 164
12257 3891 935
59803 1414 1849 2755 4469 768 3154
20032 3684 2039
1980 1184
22889 191 4939
10718 3127 2797
30046 504 3242 920 1078 172
22061 2661 3376
48756 3974 4640
5877 381 4705
4075 3688
8112 2559 215
54848 2958 3110 746
28501 875 2458
8005 3326 1006
72304 4854 1562
20291 1933
17996 519 1356
20093 4216 2185
14026 1874 3973
10130 4306
4024 1473
7921 697 4575
9884 608 3210
34096 180 4387
26210 610 1798
5961 1518 233
11801 1567 4142
12162 2712 2756
2013 3347
0 4632 23
12220 2603 2706
40132 1136 2166
1966 2923
6017 701
60413 4831 4 1968 4648
13849 2698 751
9935 1712 2167
8044 2991 1448
4060 3500 1234
6043 1200 380
10063 3741 3259
6077 3619 1837
14002 2459 3404
54014 1894 2999 3706
5998 2426
10099 1934 2071
2018 3510 3990
10128 2845
6042 2403
5992 2605 3498
221464 2221 2322
158565 3925 587 2953 530 3308 4543 522 4740 124 3256 2245 4534
9932 2644 3782
8052 2825 2529
20226 1970 2423
2019 3567 1195
1989 1392
6142 3010 1787
2007 3570
16194 1370 169
22441 3480 2546
2038 4227 2113
44202 142 846
241164 215 3966 3028 2532 1073 4808 3224 1143 429
223747 2308 2828
26333 4672 3053
26186 4051 5015 304 450 2718 820
8014 1123
5981 225 1724
1153855 1242 188 478 2993 998
14100 5088 2429
8137 4025 3491
6096 510 5088
30254 1496 851
6003 1906 1039
16319 2423 2702
14295 4787 1369
26352 4352 747
10214 2940 3861
10275 4564 2176
16101 2915 5060
3901 3702
0 2206
4055 3948 4048
18475 1493 4597
4034 2936
63881 1997 3571
4056 713 3162
14105 2101 3144
20030 4373 1020
16236 4490 640
0 136 4289
16275 3076 1058
1947 4843
18080 2584 4008
8107 3353 599
100736 852 3477 428 1027 3793 1936 2769 4468
16288 3419 1053
24055 4261 1403
207238 1496 2459 4663 3186 4398 3446 4849 3135
26251 1581 1909
2050 3587
1999 2782 4707
6076 918 3478
0 2914
6159 5071
4041 2808 3741
1119431 2024 3403 1905 1837 2120 1632 183 397
6071 1758
126970 4749 2663 4226 1700 3583 2492
16046 3504 4486
6036 1419
34370 4047 276
6035 3572 4151
1947 4814 739
10004 3522 1667
6072 2028 4953
14110 472 3608
13918 4053 1451
15836 93 5000
2005 2067
10071 3702 4546
6021 1236
24198 2417 1541 4249 2135 3205 771 1151 3570 4277 3702
11871 4713 2745
6083 910 4526
14144 4292 2105
9871 1197 938
428228 2876 3442 823
5985 343 5044
26341 4404 129
13753 2194 1621
2011 1374 2879
4077 4969 1342
10133 559 935
18063 655 2099
16088 3963 4776
18301 1291 2238
1991 4530
24113 4552 1766 1605
2021 2166 3565
20093 841 4354
12020 3999 4520
28015 5036 3302
9955 1679 3407
25792 776 3416 2306 4527
3971 3666 3062
10180 2713 2428
26427 2099 4898
7882 5027 1656
38513 2557 1191 3926 1287 3248 2902
73745 2208 3680 2597 1737
97009 3950 4593 72
48880 1444 1372
2032 4552 1765
8163 1120 1708
92829 1854 528
5930 384
12004 1001
14043 4880 1594 76 979 3282 2381 2124 45 2637 3702 1151
6009 419 2663
10132 4185 1037
10015 3744 2085
24003 807 355
1987 2460
537635 558 1689 2333 4284 2312
25959 4416 4951
21885 4449 3159
676365 4226 3316 4785 3890 4982 2302 975 369 5049 2236 2145 1019 3724 3593 1535
15850 632 491
10227 2405 286
18000 2328 3485
4005 4778
6013 707
42510 1223 2080
34116 792 3450
0 3923 2510
12179 4958 239
3970 311 1397
1955 3260
11963 2796 5093
20476 4107 1510
2028 4591
13721 2239 3282
2019 3881
19899 2036 1264
74502 1147 1366 2127 1692 100 1673 1513 2860
4081 4451 2671
4005 179
2061 736 1115
3985 2211
4043 64
9948 3441 979
2043 475 621
8189 1183 3156
12155 2800 2943
6229 1153 3775
243589 3731 2885 1594 4610 3603 3141 198 4094 221 647 2229 813 735
4000 2741
127715 383 3578 446 2751 771 3644
24515 3044 2270
380092 1035 1496 2487 3117 4280 2300 600 3846 2357 71
1987 1694 2422
0 4134 136
52690 2830 180
40104 4196 3970
13707 1167 1662
485944 4978 4168 4215 283 4495 1175 996 2117 359 4374
10107 4978
6156 22 4802
38007 986 1240
24038 205 4449
4011 710 2195
9955 539 5038
2090 1907 4518
38259 4660 3890
1947 1876 125
30205 2224 2115
24116 4871 4834
1979 1641
14099 4939 1761
6064 4492 259
16060 283 2853 509
8190 4867 766
4023 3168 2220
30139 674 2134
12218 3473 1368
5982 1921 1862
125622 4628 3644
72192 76 2459 1246 947 432 1128 4097
12234 1989 1459
3893 3210
10074 200 3364
18051 52 64
21853 2063 2367
32723 43 785
12196 89 2785
2045 3931
10028 4975 4140
13924 2556 4809
25953 1786 4346
14089 4668 558
12075 4741 1897
18164 4622 3458
19885 2156 4272
709795 299 1752 2851 1744 4481 3626 1632 3297
9927 4553 3123
163255 3702 213
16330 3364 2222
100784 3112 1444 1066 2034
7945 1775 176
4036 895 2516
2032 3664 2434
0 4128
3956 856 1850
4073 4952
6114 5039 3655
16155 4222 1951
18319 3792 2509 428
2012 8
10144 2892 4860
6161 1680
2005 3462
14123 1708 4085
221796 4548 61 245 4551 1295
2012 3583 3525
20218 3757 3303
4046 3187
14392 55 3405
24174 791 1464
18069 4153 69
14078 4086 2311
1995 3660
6116 1184
3916 4688 2321
0 619 1423
21926 934 1769
706823 4226 51 1962 1048 1865 4719 3285 2806 5001 3190 1867 2004
5997 3545
5930 4887 4643
0 1361 335
1969 4203
30015 4780 4578
26090 367 3745
18055 3988 4899
6054 1405
10126 3858 2192
5981 1506
14334 2318 3414
26296 1277 1223
2014 378
6174 3447 4067
3967 3523 616
0 3935 2114
8002 360 4508
9977 2998 3212
17936 4287 1717
1996 1477
13910 3048 2497
78641 1878 1287 2408 4969 1388
4741 164 479
6040 2268 2136
4006 1746 2919
1975 3878
4027 4011 4832
4015 396
10114 4124
6021 871
6042 592 4532
4047 1533
1983 5012
4052 4666
14067 267 3382
8291 2705
6070 3913 31
30733 1461 336
10377 3301
5993 743 4855
47937 937 1937 2622 3831
4177 4520 475
16398 4254 2232 1303
10142 2067 4671
38076 39 4208 451
3602 4819 4080
13987 2085 2911
3967 787
14173 2697 2352
8219 1413 287
12553 70 3813
10308 479 5048
7984 170 496
5959 1774 4350
18195 1765 1189
12039 545
0 964 619
10112 2750 1048
12062 461 1699
10312 274 3911
4065 4795 2898
54045 2409 900
2120 715
14184 3162 651
0 2881
0 471
1958 2234 2940
8195 1253 2288
2050 4419
1990 2868 2307
24248 1821 4028
32296 540 3946
1967 3657 3155
22275 1558 3652
1941 3188
18095 4844 1764
16062 162 4978
7981 1202 4506
14276 1538 3775
5977 1292 2667
6082 3588 3109
10785 3618 3987
159576 2768 4334
10082 2206 4664
4094 327
4030 4298
13874 2576 375
8115 834 2788
4010 1829
10068 590 4854
3934 4636 2199
14263 3521 3913
10215 1102
6082 4168 555
6115 1758 4559
130537 1184 4417
13969 122 2851
6104 3073
55886 4242 243 2249 522
8109 1854 4572
4035 3731
4034 2417
195803 4207 3173 506 4787 2887 618 5077
8067 1050 3922
2056 2193 3634
7974 1121 1484
11806 723 5021
2054 4647
7972 808 2310
9942 515 1603
6312 3742 1948
2021 153
4005 4388
10196 4422 299
3998 5046 4736
18247 989 1176
13811 1247 1712
1974 3833 1158
38568 2136 2971
10174 2669 4282
0 3125 3488
54273 897 297 4112 4460 1605 4176
8061 3036
18275 2176 1806
2030 4736
20023 2264 4165
52306 1551 1039 4943
8015 2367 2418
14024 1714 1466
26575 3725 4400
8035 1701 107
1972 2615
14228 3801 464
10236 4653 2655
18146 187 3593
10169 2445 2116
5947 3729 738
24648 4266 3029
22008 3885 61
215958 2152 3879
4096 2192 353
205252 4421 102
5931 4957 252
54316 587 3701 3102 3167 1745 3000 3383
28476 4845 3033
122161 3335 4345 1000 4557 1334
30042 2051 4976
3955 4058
22215 3629 4936
142857 4369 991
17951 2705 1123
133455 45 2099 4963 1713 3092 4021
6229 4784
4064 295 3631
2072 1056
6020 4978
10103 1183
18122 3215 197
11989 1105 1531
37785 4497 3490
8050 3822 3448
10161 2584 53
15763 2293 3984
21897 1996 1591
6010 2984 1672
10264 1050 589
8251 2333 641
6016 4661 3189
4013 467
50721 2571 3887 2686 1192 11 1421 1123
12076 2288 4287
42251 4497 1032
5929 4130 4399 252
3929 41 1564
5970 1108 4126
10097 1746 1855
46213 4663 1489 2285
35777 2109 1717 2405 4640 1251
6098 1184 5046
6239 4823 3076
12060 1465 1722
5933 3472
4103 3568 2324
8122 4907 187
0 5080
3962 837
16165 454 2926
2070 3336 4849
6086 2068 2829
13945 3676 3451
205196 102 3115
2066 4017 4097
22046 3970 5093
16071 4139 2973
28370 668 4440
4030 4171 1714
4037 1479 969
11972 2008 1330
2037 4502
19821 4877 539
26275 1125 159
19942 3907 4801
18137 2790 1398
2038 4116
2018 4374
12134 1363 2456
4071 4835
2053 1989
0 3593 373
19934 842 2382
50201 3913 1895 409 1635 4569
16019 1399 743
2041 671
1962 4203
6069 2593 99
21878 2457 1521
76284 4456 4381
42569 427 4880
17884 3520 1532
29938 2258 4046
4087 2285
8140 4661 4316
32095 3972 1681 2144
4073 988 4595
24133 1916 2836
11959 2870 4521
2003 4204 3272
22457 991 3126
14181 3132 162
12207 600 2935
190978 4734 1141
4128 344
165537 4401 2618
1995 2354 3182
10057 2107 1646
46763 1678 456
8166 1976 1779
9690 3637 3481 2842
2041 946
2065 3273 2988
9942 1557 908
14315 1598 4286
4053 2191
12298 261 868
2047 793
10006 3379 1910
0 5021 2360
6035 1138
7895 3768 999
128283 1171 2494 2151 1884 3218 4226 1836
12064 1655 299
6214 2179 4901
10177 2623 2214
2031 3254
54850 1343 1017 4040 1208 2738
4065 886
28310 1839 2090
4040 1917 3928
2013 101 4409
84374 4788 3964
9891 4155 2438
13583 2262 4657
2024 3482 2129
27850 4797 4565 1770
14016 781 2453
20109 2039 186
10007 3196 4439
12508 3055 3975
5931 829 962 4880
10025 1049 4390
10050 2824 2535
3967 3295 1961
4041 2364
9887 866 4778
2059 263 5026
28549 4106 4828
9848 4944 4018
8198 79
2002 1470
4048 1005
14287 1056 4300
9960 229 2052
17703 2931 1754
2109 4220
18165 1473 3186
34297 3265 944
8063 3720 3149
10164 4854 3366
5955 4687 2806
2014 2311 4599
8100 894 510
2042 3663
223931 2322 3674
5936 424 2724
54895 59 2462
14005 4521 3538
2093 1237
14146 4164 291
10065 1247 4608
9943 3146 767
18137 2760 1499
3909 1643
24012 466 1440
28354 1051 389
20316 3841 3232
34461 3401 4426
84901 2940 4187 396 3540 5074 2773 3481 3234
9979 3882 3833
1986 1228 4437
552852 2305 3980 4807 587 750 2012 3852 3482 4607 3082 1341 1034
2078 3887
20285 4870 3788
21798 970 125
13907 638 931
1983 4065 878
19942 2632 2503
11955 1214 4348
8163 2958 2480
15820 5097 4583
3984 3664
460390 1231 4418 979
18188 1114 2188
9972 671 228
10098 1319 3615
839185 671 3403 1366 595 2444 542
2092 3230 3527
10057 812
4028 432
508836 3123 1378 4843 820 4619 3320 2045 1183
21787 4186 4885
6082 3962 3417
1964 1006
3922 1849 2605
4060 3503 576
5966 2761
10230 4285 536
13816 977 1613
9902 4600 4992
122033 3439 4231 2994
7758 4391 3483
1993 592 2386
34437 4574 3279
42273 4952 2999
74876 331 4511 1940 3056 305 2390 1348 3694 727 4138
1966 1796
2034 2600 1843
24152 338 3594
8029 490 1949
10072 4941 3015
150874 651 2455 3241 3843 966 3402
32398 1600 4437
52550 2080 2638
2070 4029 3241
2094 3240
46403 1578 1905
3996 1803
10057 2518 3499
13991 385 3727
20115 2896 4347
32290 3202 5021 4749
12105 1423 2894
7842 4228 206
4022 2596 4862
4104 2972
46734 3421 5042
4057 2110
6010 669 2408
7998 2213 932
26136 1636 1301
13983 4720 2180
12054 4325 4894
13794 4592 1816
18185 4556 3823
2023 1427
36118 1193 410
9973 2582 2140
18234 479
5968 299
1950 2362 3104
44362 4168 283 2338 2155
3954 3759 402
62468 4438 4302 5017 4782 1736
1948 3192
7996 2560 2045
13871 4815 4803
8102 737 3021
4036 3414 3653
6001 3867 2290
18364 3345 4898
18044 3160 229
14196 615 2722
4034 3581 405
1950 4803 105
2105 4314
328004 4708 3325 587
17794 2133 2818
34393 657 427
124719 3091 4220 1974 3851 333 3755 4933 3145 3431 4670 4861
0 3498 5062
10157 2765 2202
10918 76 2343
11595 1151 1378 3123
20040 1086 3706 3241
7860 1205 4799
22084 2842 2336 1434 2602
21958 62 1132
12168 747 2098
14115 2453 1279
17954 546 1485
6152 4150 3236
5921 607 4155
4132 78
32288 4785 3582
13983 1489
16147 1632 4100
8058 6 4529
4023 1240
0 4880 1594 76 979 3282 2309
3873 1004 1549
19997 517 4937
2078 774 1601
8114 4307 4270
28179 2853 1057 2269 3184
6226 3797 350
44682 3645 3123 1323 4842
0 2212
6163 1611 1565
14216 4115 4124
1972 4391
2050 3994
28374 3148 593 4969
141402 3610 1751 3190 3769
16117 3738 4027
14293 3245 3576
22163 3508 1048
44247 4808 4489 956 2654
10245 1890 2899
93579 4665 2729 2020 3834
31764 3672 2048
6063 4249 1107
6040 3272 1324
4000 514 2151
38436 1407 4498
0 4123 1183
10249 1233 591
45971 2070 3071
66420 1380 3750
12133 3580 4686
44344 1714 474 2700 965 627
8036 1544
14135 3823 4981
26540 2000 3439 1608
0 2775 869
10190 4260 1394
6123 1626 3393
1982 2295
1954 3702
1151975 1471 423 984 2327 1451 278 3953
125851 816 2874
3989 4637
32458 5042 668
0 3487
76492 4044 4580 4658 2553
62122 1694 264 2878 2301
6045 4360 2679
1987 342
3898 3352 1739
27035 3519 1145
5990 4178 412
13997 1 1065
19978 4537 841
4117 3106 4441
5900 4197 987
14978 1042 3825
12102 2315 3681
6090 4001 96
13938 839 4694
2026 4454 622
20059 1351 5069
14121 2884 4020
16346 5070 1266
1997 1750
9721 3534 4061
64038 3211 3064
10089 4279 4429
10058 1870 2921
16037 1213 4311
9978 1586 800
1967 5062
9963 1588 4930
257010 1034 816 639 2082 3384 729 1092 1029 3433
10025 5052 686
1956 2321
10017 2673
36336 846 4514
8167 3918 4847
8155 880 1386
26336 2680 425
7988 2075 1857
17946 3448 2256
12097 2658 1877
1964 455 4714
7942 620 3436
2008 2210 125
4017 4200
0 4843
2131 955
22251 212 4859
22518 2458 4090
13866 3425 1641
21883 43 1540
6003 2199 3275
9895 4323 2556
64004 1828 4055
10164 3194 4619
3943 4392 1035
11844 4170 3775
10183 2323
4079 442 171
10414 1601 2803
20144 2879 331 1234
141286 4184 2052
22112 4101 215
3999 3654 4451
6173 663 2164
3988 3600
8030 2404 4550
5624 3806 2217
66056 3019 516
11920 4715 2190
2018 4742
11987 4879 971
5808 4785 4544
12056 1308 681
27774 4412 547 4288
60166 2981 2095
22207 1448 4113
14222 4083 2633
835371 170 389
47144 807 4023
10207 2715 2350
6094 1820 5082
14400 3151 4198
2003 4285
9926 3633 3811
10050 1439 782
8014 2168 2845
9910 141 1010
32228 1216 3985
13936 1521 790
32038 4943 4032 5033 3604 1935
2008 366 3887
62589 4695 4464
4127 1204 4144
5950 420
170290 2933 4391 136
1994 2687
8122 4619 303
9984 569 4368
6120 4921
3996 999 4949
125388 532 3129 1656 183
46425 279 4562
17982 1003 185
10062 893 3440
8350 163 575
0 2679 2247
10196 44 4865
5904 2914 3336
10069 469 237
0 3311 3007
3964 3454
38239 4435 3814
2018 2616
52771 405 2269
6120 807 2219
72629 2507 1656 1066
34501 4448 765
6013 174
203407 1151 3252 4790 2726 313 90 3662
8068 650 4077
14366 2459 4201 3904
7994 86 1802
11724 527 4428
14159 4378 3999
9922 4203
1968 4298
105951 2864 2937 1222 2960 2504 5070 660 3516 1453 1962
40120 3831 460 3475
3896 2023 2656
20432 2763 4473
3948 2262
12276 953 3349
8099 3097 183
30318 4143 1252
9922 760 3973
16198 3886 2764
28273 5069 3148
0 4646 4487
32352 2357 3372
0 2121 295
1991 4168 1977
10040 75 4934
2066 3843
2012 4806 3588
7850 4733 2455
40205 1024 4917
4036 1403
16150 2346 4306
6025 1926 2933
3970 2835
7806 319 4854
30325 2966 1517 3133
2033 2822
6109 568
18534 1807 3078
4158 3347 2141 175
64364 4918 3474
6031 259 2258
0 2608 3657
4089 3574 2452
12153 4677 1893
1981 877 1006
25876 2425 2049
14046 80 2925
20356 4495 896 1749 386
12168 2345 2599
14146 1761 202
0 1543
6072 862
3934 1248
0 2679 949
6027 1872 2482
5958 859 4509
17881 643 653
38746 3651 2236
14168 393 4043
22322 4775 2638
1952 4447
4005 4753
0 4312 4931
5981 4277 1459
1970 4226 3329
12334 397 663
7952 3775 808
2098 2141
1923 2769 1534
2035 3346
1954 2958
32131 2051 3224
30231 2820 2357
10004 2525 264
3882 2610 602
4012 2703 4879
286992 51 3246 4337 185 2967 2535
66238 3662 2232 5086 4600 1248
5898 2918 24
2002 3770 3464
6106 3050
50366 4296 157
13968 3462 2802
9949 4797 4363
14039 5055 1032
12278 442 865
10163 1225 3358
10024 1766 1345
2087 5021 2895
39803 3462 734
1995 4544
33778 5082 21 438 2381 3702 1151
36548 939 1335
1947 3887
9865 754 877
4117 3903
9809 2280 2489
58035 4500 3019
5926 2553 4230
10142 135 4234
7923 4721 3371
16113 858 2693
6085 3296 4338
6027 3752 1478
58243 3254 3321 2785
26009 3444 4474
13867 191 271
70966 1652 820
18104 3687 4485
10222 1859 141
36209 1143 3185 2321
1989 3710 4918
7964 4844 1596
22374 4057 1978
4106 4986 352
32279 302 4295
4011 700 2861
39582 4042 1043 1352 3490
20371 995 2840
62748 1865 1381 4763 1113 4690
49471 1460 2842 4686
6264 1787 316
40214 2049 141 2945
5915 3462 881
2006 4158 515
86517 1610 1845 1773
2094 2889 3645
197241 2938 2141 3601 2885 2248 3731 2888 3706
12038 416 2263
44384 4262 4626
30030 1875 4504
8152 4166 2969
121352 3929 3190 3830 51
10414 4735 3774
1985 2408
1977 1511 3594
4058 4063 906
31960 3435 2187
6198 3115 1411
33530 3573 4219
54293 3218 3765 1091 910 693 2789 987
4080 4883
4060 2309 4954
15952 4218 1383
5854 624 1247
22172 2298 2218
5900 3404 2437
3959 1906
5935 4077 282
4890 4883 3887
18095 5087 2224
22062 2821 3998
2022 838
38303 3771 182
15979 3312 4904
4006 3371 3850
36537 426 4845
42586 1267 1553 513 3570 4087
1960 2976 2762
6154 1734 2775
24542 780 2099
3997 3047 51
34883 4870 1461
11948 1900 930
2000 983
38434 2877 4047
1984 582 2241
26402 2238 4574
12898 284 2441 2417 2953
5896 262 222
5876 4314 1800
4004 2535 1502
2040 3601
12107 4822 3356
2022 1187
4151 526
3995 3516 2204
8166 2132 1001
6232 1034 845
4084 92 3992
6042 835 1891
0 637 2807
11993 4145 3216
549917 1414 1586 1585 1385 801 1201 2503
193436 4724 811 4437 1773
1989 3331
14018 4696 1554
14437 1642 2574
2044 2401 236
26248 2524 4825
8198 320 3340
7933 1723 4416
22550 1791 788
40012 4914 484
2024 2309 530
2013 5005 3714
1087335 1438 1451 1249 4908 309 602 3545 2138
2021 4184 3106
15982 3544 3268
6035 1343
1973 613 2118
10285 4654 4290
250340 3797 4785 2426 4735 3465 3693
16011 290 1764
44316 3814 3844
1951 2161
26042 4146 4619 2864 125
1940 3218
25826 994 1327
4029 1218
0 4623
328004 4314 2930
4035 2271
1977 3873
18124 4477 194
7974 3894 3178
110404 2104 1216 4037 1084 888
12070 2104 3299
1990 3333 4512
5947 3332 1385
6027 3426 3940
7926 2681
3954 3104 2723
2031 4255
2113 4215
22086 4005 2100
6192 3304 1184
1943 1386 588
4046 4844
32137 5089 4024
2010 4930 5090
18370 712 2924
10138 1670 3183
149508 452 2141 3152 2286 614
12033 4160 1149
14326 3128 1690
10129 474
37805 3888 3672
7887 1185 3002
4044 1834 2353
76422 1366 3473 4381 3447
8256 1952 4407
6034 3287 1702
4053 1393
6108 3200 4134
1998 3987
0 61
3951 4342 3910
1920 4137
841 1048
14221 2506 2490
2009 1659
4097 3871 2823
22020 580 4050
5968 1075 3853
17946 633 3403 579 3556
38137 2221 3921
1956 3214 3269
32390 3135 1795
2030 4487 255
11925 1472 292
2049 1273
25978 2166 2264
10129 3381 4867
10035 1691 688
13934 72 2781
20378 3539 1348
4027 3377
16008 831 3656 2570
7966 28 2679
10079 3026
8159 1133
16069 1553 1093
7960 3919 324
20144 1785 3785
2025 1111
2043 405
8115 4484
0 330
62740 1711 2990 3632
14050 1865 5047
6125 1949 3396
4064 3395 878
30846 152 3636
24452 4034 4168
60051 4989 4004
22323 371 779
30415 2841 4308
28094 2885 385
431166 2860 357 2365 3369
7916 2300 3260
6186 2526
4068 3561
28397 2402 4309
22596 4453 4094
21791 399 1393
15828 4018 1269
14207 1260 1616 3989
18082 4317 205
2024 690
6094 2546 2922
2027 742
21854 2403 5058
0 2866 1123
1936 1794
14263 629 2355
10174 1047 2078
50843 1403 2900
6170 295 19
26208 836 1798
0 1544 1137
9829 1456 3045
4000 3334
0 617 391
8084 784
30175 4843 1783
8036 358
3946 2933
2018 3529 1302
6060 3026
66456 2043 5076
41948 3251 505
12044 1514 4671 3038
12217 1725 1190
4077 61
95635 2987 2874 3577 1012 3820 1550
10062 3100 250
3952 4625 2450
426287 2137 2386
9841 5037 4162
29991 3219 4447
49673 4266 4922 4739
20239 4964 2357
8192 2549 3354
14021 2696 3035
20194 4311 1391
30062 2433 1905
14065 623 2725
0 457
37959 484 1337
7918 946 3107
11984 4117 537
4017 4365
7988 1398
20205 984 2501
10102 1039 241
30156 2218 3759
5954 905 4522
47767 4903 3196 2520 3237 3203
8056 4377 5073
2099 3193 904
3954 3316
27972 3916 3517
2053 3487 1641
6166 4021 1328
20016 5014 643
3992 4141
15947 682 1157
11796 141 2717
116817 3354 4067 2173 3912 2484 946
66569 3153 2065
36245 3841 3124
13967 1409 62
22064 1338 2354
20182 2361 1024
1993 1281
290002 4358 794 978 1780 2318
92694 671 2773 2842 929
24984 4666 4807 2845 2798 2178 1630
1887 2875
84817 4870 914
14106 2429 1503
12171 294 1332
0 2997 3467
0 2656 4447
219981 4129 4049
35715 2695 3231
2062 2329
0 1815
63488 1493 405 4319 3640 4712
8170 3643 963
54484 3806 1188 1726 1599 3847
13849 586 1973
5886 4791 518
306906 1414 43 3739 557 3515 1399 763 3902 2934 4518 2307
6014 2892
2030 2296
5984 1286 376
6002 2246 3913
8120 1682 2869
16014 4270 2368
16157 4310 1497
4034 1738 1899
12020 3948 4048
18256 601 2970
10071 159 155
2004 884 2304
0 17 3708
4031 5059 4592
6240 3932 3678
9852 1965 160
36124 1849 3498 678 4102 477 1907
137428 2020 1275 4896 3290 3123 4236 1378
25918 3466 689
9767 4848 5024
25834 1373 3003
31733 824 2754
14186 1447 2627
4016 2373
4009 2012 2550
6007 58 899
2007 2523 112
8206 2069 3762
2092 2861 1092
0 702 3529
0 3528 3432
3972 1810
3915 3982
108305 4580 821 1089
5880 3938
13713 1390 3018
26003 4951 5089
10021 5054 554
22253 1290 719
16012 2831 2017
20344 448 3380
3906 2842
5945 665 3548
24201 3877 4556
8382 1826 996
11994 1617 3312
9970 3310 2536
18071 1349
38771 1343 4711
1973 3541
6113 5079 4582
1957 4853
4061 2251 1377
6033 1707 4970
19886 1383 4048
12011 479 2130
9890 4728 1286
3995 5050 3369
2067 1859
10101 950 4481
0 2164 1315
42209 217 979
12072 3406 4972
20319 4014 3856
3921 1299 1820
8116 1974 4823
0 2398 1684
11999 1006 1200
2019 2313
3998 4437 2718
2896 132 1597
1100220 1459 1553 1438 2381 1267 4889 2316 3271
65798 2344 4398
11943 790 2371
25645 1973 3253
1969 3156 4765
36578 1372 1523
22384 2969 797
1966 3439
96034 1641 2457 666 1293
1996 3913
12328 2983 94
2017 2927
22248 2948 4119 4303 4623
30245 2523 569 2367
5876 4408 4391
18296 1505 1114
10139 2061 2086
6062 1438 2359
6076 3140 2616
5962 1534 834
5920 300 807
2114 4453
4100 1369
68013 85 1014 2670 2744 1925 1848 2426
133412 3821 4836 3249 2882
4000 3656
1972 118 60
5962 2025 1905
1993 1641
3927 1582 3974
9991 3061 4978
177114 3706 4809 3241 3286 1079 4876
20132 388 2036
4060 2455
4000 3810 3086
64034 516 1997
1916 1420
5931 3870 4973
8094 502 2375
4024 5015
18078 2967 3838
16059 803 973
1985 4385 1881
14260 1176 293
43467 4854 1462
16283 2859 2103
1905 1525 3655
14065 479 179
11469 2002 2617
10181 3690 2299
4158 2125 71
0 2247
6043 1788
2021 1148 72
42341 4362 3827
22057 4109 1363
0 2503 4375
32075 4475 224
18200 843 2011
18136 2684 1279
2052 642
6113 2689 254
46588 1190 1626 4232 3937 3393
6010 257 3080
14210 2193 2132 2640
50204 1442 142
30967 3397 5036
804 2773 4643
16252 294 299
18077 4506 4642
35487 4712 3493
0 1542 33
8148 735 1668
4085 3494
129732 2486 2457
12367 2960 3240 937
4059 4159
6131 349 1873
36208 1823 4269
10174 172
14152 541 1751
32711 3975 3171
22197 2609 4366
0 2922
5992 4466 3059
2051 2514 3616
28766 2212 3595 3382 1101
10011 2608 132 3155 1719
2033 87
0 967
6036 4203 2530
4042 578
141698 3191 1248 1711 1825 1151 3115
10018 4325 2827
54578 2855 1486 848 2510 936
138524 48 4971
1956 1836 2404
28061 796 4850
12176 4405 4677
2014 109 296
30439 4222 4870
1996 1215
37855 3351 2974
18140 4902 3743
227967 2828 1022
1977 72
9956 809 2725
24203 2099 1670
4150 3513 5011
18198 192 3778
0 2409 63 214
20180 437 3010
14234 5077 340
22451 4531 448
22227 1836 2259
9831 730 3997 114
10152 4465
22197 1068 3222
6086 38 2267
2023 4330
14334 1951 3619
24194 4426 248
2013 705
12209 1782 3316
6081 2879 4731
22049 850 217
7821 1923 3816
2028 4561
3875 2096
8072 1000 4601
0 1646
26361 2679 5084
546325 2417 1541 4249 2135 2381 3205 771 1151 2170 2379 4595 1893 2339 4686 2505 4784 4504 1183 744 2035 2992
20337 435 26
2030 4859
4106 810
68044 3601 2938 4744 2301 3241 1320
9910 220 4527
1967 5010 3511
0 4929 4977
90606 4309 4918 1679 3225
2005 1813
8157 4546 594
1954 1756
5876 3309 1530
6063 1189
9970 1045 15
17977 2 4510
8007 16 4564
12389 1005 2101
16055 3731 2822
6039 507 3836
5832 1882 1868
8226 1033 4909
2009 2426
26633 2665 4448
1968 1672 4276
5873 2893 1824
17981 60 100
13904 2154 2672
5896 915
106523 2455 3241 2636 3744 4322 3720 1946 625 4002
10195 4410
14012 833 3829
4004 1196
8024 3789 318
23995 3945 5091
2006 413
22164 3977 2968
38532 5002 3498
12110 2184 1003
0 2364 2298
14431 1648 4367 404 2646 2192
16071 3673 3855
8086 2420 3731
26129 2541 593
10128 1625 148
221818 4110 1644 4298
2038 4009
2003 4032 762
66475 2982 4190
4052 1740
10073 1896 3217
1959 4447
10112 1225 4291
8005 2933
5976 4474
16149 2116 2524
17995 1992 1641
34124 821 2916 3460
1976 534
1963 5045 207
2049 1174 3526
9950 4524 4906
34604 4023 4810
16074 3254 987 4747
0 325 4228
6056 1886
19953 3803 2784
99057 2967 1651
3999 2041 3193
42381 907 3267
4030 2255 3862
1965 1459
6218 1604 3247
62119 1765 3180 2614 3052 2454 4732 2071 4223
6051 1729 967
1920 4584
6024 3679
15875 24 114
38431 1993 1823
2036 2255 3981
13969 2310 3901
1959 1641
10146 4835 3838
24256 3388 1765
2003 288
14002 1574 807
22308 2847 4884
2020 2060 3735
8195 868 4442
13979 4558 1697
12336 4454 2516
10098 4350 2354
2020 4294 1739
16092 3974 1272
14020 299 3971
242455 3316 844 2959
6026 164
16011 744 4403
69685 411 4177 4885 4769 478
14117 1112 2668
30451 960 4800
22010 1857 3768
2037 1336
3947 4848
13632 3063 3495
4028 1835 2149
2036 4648
4023 498 962
2007 1935 3604
9918 3080 941
12168 1546 3913
18686 2586 1717
44297 3108 3318
4086 1270 2020
9754 3696 4565
2012 457
34299 1660 3965
1936 857
2040 3439
112209 825 3594 2081 247 4324
2021 2696
18190 2908 2986
35815 4848 920
6066 3009
16129 840 2030
62443 4326 3624 4168 4215
2824 1949
13958 4530 384 3733
71163 626 3246 1025
36083 3124 2576
19719 4767 1061
5957 2843 2653
115658 4139 5082 4535 1299 2973
26000 164 1587
7950 3721 5056
22178 3927 120
14115 3784 3610
4018 4217 4392
12051 1991 497
28297 2840 3475
8078 629
4132 3139 2885
42230 3318 401
5967 1956 842
2867 2459
2071 3495
32156 3921 5053
13922 1207 1281
10088 3269 4297
14109 2933 1691
220015 1360 2845 1016
10041 3368 3858
5956 1137 873
5999 3743
24432 3562 4473
24481 4571
12120 3853 2544
31950 1184 1941
61578 4248 4851 214
8172 218 2336
7955 1098 3772
12154 1475 278
2049 72
6083 1411 269
2112 1449
6045 2195 2923
234009 1022 1469
48306 302 299
10007 1123 3607
1904 319 3366
22394 1396 4105
3954 4708 3327
2840 4769
4036 673
4039 4394
22202 2132 3542
5991 2561 1510
217947 4129 2675
10344 1191
6099 1267 2442
9985 2097 2843
1981 4850
9822 65 777
14013 1847 2674
8088 3132
290234 4960 2192 141 1594 2705 3207 2846 2182 3263 3087
41760 4384 3351
28455 806 1902
34275 2473 2426
12348 2257 303
15884 954 1313
4128 4719
15941 1606 3329
14057 2015 4144
14334 25 4261
0 1379 1834
1919 4322
10103 799 1781
10142 4103 4500
18143 3782 1538
58437 503 3498
10205 4700 438 3209
14348 4463 470 1035 3117
4100 1482 170
6060 126 2013
16053 1484 2737
18065 4870 143
21933 819 1818
18088 3361 1030 4952
14393 2595 4770
0 3473 301
285391 1393 4215 2746 1302 705 3812 2107 3502 3579 2627 2572
353920 820 51 4051 1415 4836
2059 1183
30001 3466 792
9837 1011 4926
2060 3031
10033 671 3387
6083 4463 4201
36133 3370 3848
5962 2639 1498
3979 2434 457
12112 1087 1179
7981 2309
9962 2408 1081
12206 1577 3837
4048 2793
36063 3246 580
4067 4809
307500 1510 364 1827 2495
2090 3513
0 2200 4889
3898 4807
4090 664 2551
9887 1028 50
14271 277 3632
17735 3533 1943
4026 2084
4054 3334 474
14115 197 417
5773 4314 165
3991 4273 4029
192874 1141 1265
26081 1874 3736
42349 2607 4660
3886 810 1575
6132 3507 2341
8275 1414 4492
56552 4409 2410 4202
14321 4115 4156
13995 1019 4822
13971 933 2993
13971 4804 1433
1956 4193
6007 2093 1857
2073 290
26024 803 1445
10110 4136 1487
3916 309
6247 807 556
14169 1322 2866
18085 2019 2394
762357 4213 4686 183 1524 1653 2795 1945 2011 4549 908 241 1832
34172 3818 4109
14171 2321 1738
14291 922 1984
5893 1375 4993
17972 4376 1639
72183 2728 116 2463 4682
18010 2074 3796
16127 2758 261
11966 3131 2276
46524 2265 883 3599 3795 1245 1582
20599 2803 3651
32119 5032 1221
24295 91 3738
84079 2208 330
330463 4880 364 872 208
853 2845
6104 3781 1890
5877 398 3531
3973 4420 81
17807 4858 2698
22113 3084 1028
1991 1321
8032 2617 3359
26291 4800 2542
3944 3411
5987 2304 4851
2069 49 725
28066 4402 3293 4853 4952 716
1946 1566
10075 2965 4022
8148 4844 1627
7925 4415 1735
7867 560 3685
10019 3265
12071 3120 2400
1992 2088
2021 3011
2057 3731
4136 4192 4132
55988 3399 4384
18037 3339 1187
3954 1209
10096 4972 2057
21944 2352 1118
2038 3748 4597
9932 51 1226
10116 1151 2562
4120 1953
5852 620
10208 5057 3562
0 4184 2106
13928 4661 257
0 467 2727
11854 2812 3410
1980 4680
44375 296 572 1065 3015
4196 3468 2687
14073 3994 4280
34721 3075 3764
28141 3343 174
16161 2329 486
10107 212 1168
8076 2968 1148
18077 2606 4804
0 3943 2888
1966 729
1963 1181 561
6003 3086 3749
9940 4499
22388 1781 3398
4071 4622
3963 4177
180415 4644 3330 1185 1828 4226
2026 2110 908 1353
3998 1273
2787 2790 1343
811 4134
1993 3231 1822
22186 3172 4609
48456 2998 674 598
6024 267
25923 2755 4937
36395 3279 2370
17912 3553 3507 2341
209782 3489 4758
22095 3367 1709
2056 2324 3914
3918 4154
9916 1687 2376
1939 4920
57929 3049 611
134333 577 1790
18379 5028 3227
8006 2683 4876
2017 1753
20001 1569 4186
1853 3018 582
0 4619 260
62385 651 1772 906 3250 1544
4005 1183 4120
0 2850
1973 1854
4024 2549 3473
12138 4962 4513
4033 683 158
1953 2189
2015 5038
8117 2062 4996
51941 4523 1651
7990 4840 613
24319 239 4343
1932 1219 4409
7996 3116 3262
4013 4875
62128 940 1541 4562 1142
9608 397 2581
4086 4467
31917 4233 4331
18264 903 3073
34455 1335 61
14084 2521 4349
20898 1006 2529
26242 4946 3271
2081 1571
2039 1341
16436 3044 4470
1979 4887
6055 4393
1979 1518 1106
26589 3408 2455
10116 103 803
16251 4654 928
2066 2727 2487
13889 870 360
35867 2181 4866 1539 4203
29987 2950 1905 691 4533
24200 3058 606
3982 1849 3515
10109 3900 394
3972 1294
20318 3872 1829
36597 5022 2811
14326 753 2439
6209 769 2245
28038 3965 3625
219857 3747 2152
13815 853 2169
6003 2163 2657
26222 3072 5010
13807 4692 144
12250 3951 2963
10117 2739 563
22055 4676 3455
15727 2209
5902 890 3582
0 4064
69186 4214 1025 894 4264
9837 1949
0 2979
18205 2963 2564
3965 292 2201
1975 2710 1006
41137 1193 1090
0 4270 2511
219955 3879 3489
4066 2708 252
2046 1437
4136 4003
6178 1027 1233
811 4228 5066 4041 2461 4618 4628 3358
5944 598
14189 1902 3959
9736 4331 3362
28228 605 1634 2879
24070 3834 2729
14022 2496 1451
16052 1344 3470
15961 2284 4842
30447 478 3130
10084 3895 3089
17838 3296 422 820
3994 3320
12198 4444 42
10203 1006 4174
6021 1173
4066 2945 2183
2041 2371
17859 78 1378
12176 161 2528
5890 1081 4052
9876 2946 2796
14321 1714 3951
23946 867 1681
4124 4838 3238
14077 1943 3646
7926 1515 3348
10130 1209 1030
17882 3443 980
8189 906
10114 952 2833
21947 2661 5005
2022 3245
44205 169 573
56322 3827 2465 2629 2915 3137 4215 1493 283 1174 3398
16308 1227 281
3926 3052
6010 890 2731
23952 4343 4580
10144 4843 265
10177 4148 1237
2079 4673
34077 2657 734
9969 4036 3800
14182 1393 2179 3004
5968 428 471
5970 1414 84
16300 2122 175
18421 4626 1488
3953 5010
183603 3057 4015 4985 934 77 1026 3311 1269
12183 2114 2419
21867 4060 2865
13155 4874 2842
2046 4203
6040 2253 1408
64458 3750 4262
42322 298 1510
2029 1268 4003
56300 4840 594 1650 55 3955 1183 2123 1983 4235
10063 1305 2155
6030 586
31952 980 2463
1985 3008 4338
4085 3078
0 4627
10067 1905 3040
8217 3920 3117
2028 3950
136407 2161 1000 3121 4188 40 1085 2006 3660 6 177 742 4340 2539 2749 4099 4859 1620 2100 1183
181485 457 1594 4809 172 2762 4577
3989 1991
4129 1212
195677 2638 4758
13973 378 2580
18514 4258 1640
10308 1266 4979
7906 1553 189
20418 4774 4236
112078 3964 821 583
18565 518 4121
720924 2002 2465 405 3913 4640 4802 1505 4168 3827 1493 1095 4346 951 3338
28042 1732 2275
1961 380 3839
16072 3257 546 1720
47288 595 671 3253 770
6222 2819 2933
72251 506 354
22258 3670 2515
1961 3775
1994 398 98
28222 566 1069
1663112 4749 2426 4644 2535 820 1634 1048 1535 2367 4037 2153 282 2785 3178 4468
1954 2319 1544
104597 5034 1634 4134 2897 3766 2076 1508
11730 863 4541
1972 3212 2058
8159 2874
16114 3632 1626
29847 2245 4082
14205 3213 1577
0 4193 2162
18355 4212 3516
12018 1501 1862
14313 1873 4790
9853 732 164
4109 768 1414
5891 552 1890
42133 2634 2245
8198 54 4941
8048 2181 1097
5931 1346 4334
9963 1696 4965
20014 1122 4757
36073 5064 3860
4069 2381 652 2975 3702 1151
2032 833
28472 326 1535
10028 4357 130
1990 1454 130
50253 4808 1589 2578 2132 4880 1725
2031 3337 5020
0 1641
6003 170 4328
10235 596 4209
5977 1654 1631
6117 2989
20264 3896 2356
54399 3243 4190
3960 189
38663 4563 1503 4121 1919
5936 1315 4775
37465 3445 2673
18313 2071 880
3850 1868
38186 3648 4672
36222 3504 2171 2957 4128 1131
4044 42
15971 5050 2502
6033 66 3943
4156 4682 345
1925 499
5899 3726 4537
24114 2381 3177 4420
2040 434 1205
10025 4959 3020
20210 4022 2459
24128 4348 72
12040 2655 1072
7820 565 122
26507 766 2423
6127 3079 2871
8274 2777 4817
14013 2706 2554
34321 4425 547 3070
0 2349 4391
10335 3315 274
6067 3754 1817
8107 2384 538
0 757 1259
5957 3794 4644
30316 797 3229
54292 4464 3195
18326 3850 4525
278034 4590 2621 263 3122 1365 170 397 3747 1644
2075 1305
18351 2816 4967
2024 4827 210
62477 2917 1857
10260 2072 3582
1997 496
1969 4844
18259 3144 2277
6183 4432 2957
34326 1175 4383 3401
66820 3710 3407 1296
6078 3505
14053 3022 3449
0 140 3176
2025 761
338107 72 1975 3325 3284 2929 3942 551 581 4390
26370 2110 1468
4070 2757
14083 149 3412
17729 4500 658
10222 3493 79
15985 186 863
4062 1526 4419
36073 3731 1584 3898 2140 209
3956 1163 3048
6140 1860 3821
14003 2906 3663
22152 3827 1545
3940 754
1967 4257 479
4025 4873
4046 4686 3689
23830 4082 4137
24219 464 2033
7926 1325 533
153415 335 408 2618 4673 4245
2013 4402
4001 1878
6068 3190
2061 4197 3216
93 4960
3999 4604 4203
1942 1863 382
170772 4952 17 4807 370 5010 4602 3361 1841 1449 1929 2114
22169 4075 4172
8207 4743 1535
130530 1544 2681 1261
29872 2498 4215
26252 2894 888
17981 2852 4281
18158 4085 1905
10062 2589 3793
20212 4587 4613
34417 2335 2193
20102 1955 1966
26161 2399 4746
1611 4566 1000
1988 307
12063 5001 4252
330725 3480 275 4708 4396 898 752
8028 1647 827
2041 3000
14369 1869 1851
42390 4917 3624
7860 3197 4980
1996 2042
14102 3456 4829
20148 3652 706
6097 3742 2192
4008 3094
119724 2685 4389
3990 1062
12292 996
10026 1715 2145
18166 1704 2347
77716 2740 833 2465
2033 3626 4422
21985 1941 3969
16079 3463 1320
20092 4872 3120
8191 1866 4479
2045 278
74285 2752 3354
7913 1418 188
1978 1522 4308
47866 4004 3888
7983 210 3612
28318 4570 1520
32056 2281 4676
5961 2648 1001
90627 4369 1417
12188 2805 4314
113323 3091 136 4289 527 1631 3584 2875 2964 2088 46
2057 3839 3051
2001 363 4092
6107 4809 3876
16210 1703
2094 4358
6022 1311 2047
65763 3571 2357
3972 2708 2056
24608 4735 2665 1833
167337 1861 2768
10017 3992 4335
10008 3799 113
28369 670 2388
10075 1676 3668
7868 1072 1311
10285 3355 1008
3980 1890 3584
64364 3950 1402 398 604 1379 4076 4647 2794
22346 3732 1812
3989 5024
9875 3070
24248 667 4652
60584 942 4947 718 132 4501 114
6020 746 3996
78137 1547 3305 2424 106 4972
126466 2631 270
444347 1231 2856 1759
2050 4321 2604
11984 3983 4277
209386 4868 2677
6122 4375 2649
12123 1483 615
40574 33 1510
42466 547 2124 4288
32407 2841 3691
24064 4447 4824
13791 53 3119
12034 3020 1765
18188 129 2032
7930 1595 4826
4153 4307
0 423
6035 1668 1909
26246 563 3108
1992 1274 1048
80568 3298 3568 921 4442 4587 2844 2886
22129 2190 2917
3997 2802
22261 2730 1435
4117 3007
10117 3790 4437
6119 4579 4874
564232 558 2012 4571 4147 985 4634
10111 5065 4895
5983 1710 4653
345979 1451 2071 8 3174 4494 3488 1304 4627 1755 4427 3753 3444
28623 3113 3725
21978 2469 2425
2056 807
0 3059 2445
6008 4821
10409 3591 3408
6181 3013 3792
32868 1344 1103
72301 2095 2752
1998 232 1776
4059 1757
32253 4667 960
1998 2657
8069 1195 1001
6068 99 567
4038 3904 3920
58422 3088 4296
20365 14 3686
3954 1478 3654
10144 1639 4081
215708 108 564 4550 2354 4226
5858 1891 2258
12251 4090 570
4002 300 675
9989 4704 1333
22490 3856 3126
17985 3219 3756
34077 3627 457
2040 550 803
22176 1692 3328
2079 389
127882 116 499 4379
10248 146 5057
16227 3558 2503
42279 851 1904
4082 287 1307
14220 4620 3391
18152 3222 1273
18022 2368 1122
2030 3134 3373
8137 1172 1068
4867 156 2971
10195 1698 2348
10097 1392 4844
6203 3949 2479
3958 5091
2080 4447
20305 3161 2465
22060 224
38974 2695 2707
30317 2978 525
19814 4033 628
48012 3211 4318 2026 3900
34290 358 4947 4414
6049 2734 4504
12114 2032 5096
429804 3244 4502 1915 3702
3985 5011 4588
16054 2613 3639
8114 1862 2041
2000 2552
11862 3169 1665
17907 1816 3717
18143 1348 2879 773
2002 3332 853
14139 4068 4664
36387 3030 531
204032 1265 1067
8114 1542 2029
2011 609
10306 3498 2472
2008 2178
8111 2400 2577
11992 2761 2831
7999 1110 3461
41710 191 4073
11960 3763 595
24526 4297 1451
2041 2383
11777 3707 2403
3989 2198 220
4002 2951 119
6008 3829 2396
20444 1690 3683
4015 2566
15916 4100 465
5974 794 4605 2309
2049 3834
493761 1634 136 761
11896 4276 3006
42090 1339 114 4598
11977 1788 2006
20296 5095 5025
21706 4229 2205
11641 4812 720
2015 2309
1935 3204 3068
14009 671 4745
6068 2379 3712
10053 2186 4844
22140 2522 901
54427 3964 1290
98609 1283 3062 4468
2045 105 2522
0 2397 2412
5936 1811 2504
1985 341
10271 1401 1809
20183 3542 2908
8036 1000 2681
8015 2031 3791
10168 2630 945
2027 5040
24366 2136 1394 3697
46395 3098 4079
18337 4264 1704
4071 3718 2337
9805 3816 2799
1611 4355
4024 1045
46016 4844 1566
8134 409 2746
36386 4386 198
44815 4634 3857 4444
6024 1854 2635
11874 842 1350
28425 3281 2877
15995 2279 867
21711 1175 4841
1922 4204
32105 1087 2540
2008 4443
98437 3532 2998 4172
45493 1462 824
8235 3549 4970
21833 2854 390
9892 3777 4668
18168 925 1405
0 1559
18249 4351 4437
1961 4505 2066
14155 1080 529 2020
2005 4298
6065 2440 2197
7871 3512 2907
3941 2410
12163 1947 482
8137 2759 3702
3952 1170 587
12452 1742 4009 2342
28001 4753 4538
1975 2825 1810
21884 2873 3191
6105 3699 1059
24057 4722 5010 4342
9889 1793 1563 1140
3999 4340
1952 4534
3978 2221
28046 2845 1629 1236
3993 2834
26218 4043 1152
9965 568 2455
3953 1422
5986 2182 4703
20167 4351 1886
6018 662 4693
5920 456
5991 339
16149 1453 1686 961 1917
2049 554 4134
17893 1686 222 4062 3093 3050 3320 2864
14255 2053 4484
6979 317 2217
14162 4035 2501
0 3582 3324
4087 1291
3991 3441 343
30409 3243 4182
0 4447 4199
61773 2486 4134
1998 1520
25901 4718 1846
17914 1029 608
68039 5058 4792 2287 1183 76 1688
2042 4714 4708
8159 4571 4444
1961 17 653
7814 1530 2626
9904 4713 2995
9984 1177 216
8163 1903 4846
331283 2265 4215 996 1717 5025 2713 4698
138657 431 4971
18024 3639 1387
1942 2537 3637
46252 4226 4294 4037 545
15928 61 1882
3993 649 3134
6163 4409 2643
102835 715 1055 3808 2292 512 2243
1959 196
6029 1522 1175
28303 4967 4938
26334 4413 2170
84910 1311 5022 2669 4446 1889 1300
12274 4096 3315
4086 488
2040 1915
13626 2797 4686
12028 2998 1995
11981 1311 1149
42322 3946 2473
151026 169 1048 4016 2757 1492 2703 1885 1428
1914 1959
40277 2712 2357
42568 1140 4513 2619 1938 1770
8153 2973
38092 3482 4807 2569
30101 1967 4459
13992 4584 2499
12093 415 2167
1996 2933 1657
28306 3436 908 2579
36224 4269 2323
8280 4334 4175
2061 1853
29819 1606 2153
30131 4387 4117
12220 3668 3157
5912 5082 1450
17908 4913 1905
7945 4019 2225
34209 182 4871
8133 4274 3970
35942 4752 474
26220 1709 2044
1975 4697
903268 3964 671 3702 76 1366 2191 4330 4657 651 3234 2983 1915
1978 2824
0 215 2532
0 2241
30547 4936 721 499 3233
10071 4929 4977
11822 1684 4114
10093 4614 4809
13909 1689 3012
66596 190 3088
17986 671 3300
15937 1664 4685
5905 1911 4640
3988 852
5986 876 3903
21907 1665 1414
5936 866 1783
1954 4612
5971 5034 4472
3831 2266 511
5985 258 1348
8038 2360 49
561501 2930 4987 1759 4358 4633 3873 5007 898
6133 860 1939
6101 479
42805 3547 426
27550 3640 3493 4998
9820 2382 4637
0 4633 3037
11920 3065 4766
34262 437 1066
6121 350 644
21914 5006 4630
6189 3893 2535
6023 1592 2905
13897 278 3214
22183 4602 1839
2093 1318
197444 1607 3298
25732 1445 147
10068 1632 346
7958 1046 1727
3950 324 3555
8061 779
1951 5043
4064 3694
18108 1465 3775
1942 3141
196946 456 2766
24655 3247 4400 3316
6028 2650 2660
2065 2014 447
17933 421 2089
2020 3445
3959 2309
3999 800 2500
6003 1924 3066
2070 4344 1649
3904 3706
11980 4545 5079
34161 4354 4752
9986 3765 804
5944 72 1776
42698 4226 2895 725 2367
20230 1292 1416
3959 1063 1
34052 4746 4683
15998 4598 3175
6079 889 870
2074 1934
14242 1958 1791
12067 4247 4891
199686 4207 4049
10182 1005 2242
1926 1443
1977 75
4014 151
6197 1865 3233
6068 1036 173
5948 772 3574
5960 4715
19715 873 3832
10055 1745 1219
9810 3800 3874
16275 3911 1169
5972 2020 424
42005 2010 406 2196
30500 783 1012
18381 4212 4986
16136 4265 3173
8041 2394
10156 74 2073
5923 2809 2430
5977 1184 1255
25990 2540 1539
15061 1812
2029 2917 2093
5950 5067
10358 2688 3702
415660 1714 1205 3316 2426 3068 2948 1407 844
42642 944 1678
20336 2638 2334
84437 2034 2795
2085 1608
16198 4238 3115
9805 1009 3497
1994 4632
1942 803
4018 200
8052 1466 2596
4193 1272 70
216356 2799 2099 1140 1166 931 3197
2038 1040
9939 381 2939
28436 3802 3988
23928 76 2737
8164 2467 4215
9879 2920 2928
16027 4028 3954
38081 940 39
4027 4981 3140
66134 4666 2845 4342 3482 370 2129 2094 3934
148714 4254 2971 5086 2321 296
467423 1689 457 4204 1659 2141 3601 4394 4693 2102 958 3930 2497 912 414
28401 3764 115
4064 1826
12766 501 4542
6031 230
1947 2372
9949 139 2920
12354 2147 123
4137 4286
9569 4905 5016
804 2581
1976 4919
12016 4452 1118
10073 3952 3287
6213 3564 2715
22013 4427 787
32165 3303 2231
9881 4431 494
26140 1726 210 4301 1527
12276 2811
22182 4365 2055
2017 2186
4095 512 2292
1923 2562 349
4065 1736
10029 2476 322
8142 2742 3784
145367 3594 4915 1806 3914 1511
244474 1807 4854
56785 761 136 4158 2007 1347
0 1039
9969 4193 4074
11872 4576
58230 1933 4843 4142 2960 822
96264 2864 585 4842 4173 2351 3041 3429
154835 72 3342 2611 4568 1552 1040 1580 4305 4491 3226 135 3995 4547
30531 3270 2680
10221 4639 1143
14232 3031 1879
21734 3518 3824 3805
6175 2723 2357
15991 3667 3883
15728 3990 3860
10104 1516 1395
5921 3992 3550
252225 95 4837 2272 461 2625 3614 963 3147 2823 2105 406
5988 2575 926
24090 1467 1160
2038 2082
9938 3984
20282 4203 3704 3043
10189 2518 2099
26226 2933 726
5949 2898 965
1991 823
4076 428
10190 3103 80
17831 1982 4099
10158 3377 2481
207468 1067 4421
5948 1096
135767 731 3276 3670 3908 2847 1578 3484
34247 4681 2476
78356 631 4978 4378 621 3
5977 4329 57
10292 4443 4187
10028 4078 470
10148 4058 3601
21770 1644 2735
2001 26
7981 3189 3067
320573 2417 2953 4254 2132 3979 2753 1292 2804 498
14248 1015 493
3990 1972 500
6935 3255 3263
24312 3788 2228
19758 2865 3800
8193 1434 36
5967 4091 2537
26019 2017 1536
1988 3933 3570
0 240 2111
6101 4757 356
5879 1658 761
2002 1614
10085 1943 2906
4041 4445
1977 3516
4020 136
22397 2924 2406
5951 2542
13738 2074 1047
2082 2787
28379 751 575 3673 1254 1643 273
21890 3462 1638
12006 3268 530
11548 1662 4818
9959 3763 5075
2053 1002 2719
1943 1602 3310
10167 3723 1205
8052 543 1021
4005 1624
18975 1206 4927
16020 472 4679
41998 3307 1240
18130 16 4836
6102 117
44253 3142 4362
80429 3153 3710 3225
18106 1854 4820
7934 4054 751
14273 591 3095
49637 456 3445
5912 398 1887
1983 398
4122 7
5819 3917 760
41677 998 4912 561
223599 1415 549
10176 1414 3709 4691
3970 3025 3344
2084 3176 352
22334 1169 1773
10159 2933 193
14040 838 3138
22360 1017 610
22202 2684 4690
23884 4046 2955
34361 4651 251
18071 2261 2478
2048 724 2072
10135 4243 2884
4067 1701 1945
82389 3086 1915 2662
7842 2001 2812
8072 1566 707
18189 268 4087
7995 4501 4414
14163 609 1135
3996 3096
7958 1183 524
23970 2424 3535
94711 2513 4342 452 1921 3992 2878 2114 3910
6082 2374 1348
2030 3256 1942
12123 675 1018
18466 2119 1892
3934 484 2678
6142 145 2435
3992 4279
20245 3887 2159 4339
13806 345 1412
8181 1284 4068
13947 2687 805
22252 1152 3446
9972 1402 4246
25951 1875 1840
20262 4300 4651
1987 1695
0 991 2557 2391 1796 2966 1215
34502 671 4582 3552
138583 3665 4641
28153 4007 4416 3561
1931 3607
2018 1168
4026 2496
21943 2682 1389
3988 4691 3709
257753 2465 2002 4872 1843 2691 2612 806 3600 2466 2069
8306 4210 955
3930 4363
10063 2986 4806
2009 2426
20041 1432 1213
5945 1267 832
5941 1159 4184
10233 4774 3228
17900 4708 413
20168 2177 1496
62045 1805 3399
10027 1566
215438 549 1607
5937 2157 2873
9875 3968 803
2016 2192
2092 76
4105 4072 2083
32457 211 279
25591 443 634 4712
22142 1483 453
13884 2377 1361
18085 4357 400 2535
40470 1406 3739
4141 323
6025 2139
13974 4165 3309
19828 2143 4718
24081 4708 1088
16141 1089 145
1950 1929
68117 4342 17 4602 4113 1064 3708 4183
2024 3678 4505
14058 2568 836
14081 924 2005
36434 1018 3469 17 815
10019 3609 2324
5777 4818
28233 56 2917
9905 286 65
6244 802 1184
2038 4255 1568
30173 2895 3202 281 2782 1863 2642
42647 4653 4106
2047 1455
9872 4411 3518
22374 4540 4640
0 2810 163
7833 1329 2407
10230 477 4057
4124 1513 637
24206 1877 1689
5950 1118
26146 1528 3976
13746 1959 3086
14054 4228 1182 4704
1974 839
60855 1007 2401 3636
3924 3443
5985 2471 4071
10138 2514 1414
0 4560 277
5940 206 1797
38584 2900 2996
5889 1641 4730
4020 2387
1979 1311 3761
2007 2714 2650
13984 3394 1011
4131 2587
16209 2426 1778
10012 4272 3556
1995 1910
13807 1524 3027
26158 3848 1150
12786 3536 1930
2025 3198
5981 979 3836
6156 4480 4014
58805 4632 1688 1101 3416
14020 3512 1485
10082 2338 740
6082 1523
3990 2934 3024
12310 1693 1043
19992 968 4248
10111 326 4445
0 4134 136
18006 425 4783
2046 43 1202
24173 3014 3133
22377 3123 3016
14400 2363 2138
18040 15 1786
8173 887 3463
14371 36 2842
9973 4906 1976
66462 457 3434
24504 3682 2638
6010 1436 1595
7997 4745 3549
2009 2245 2720
5973 2137 2149
125878 3205 2065 3834 1953 3077 4678 1802
11945 342 387
26319 648 3701
30149 759 1581
108522 4808 3191 940 2064
10017 1881 3264
6162 2330 2328
30046 3535 3343
5997 3344 90
13913 3736 4493
1941 1371 2001
18033 2438 2728
6000 838 1419
16187 777 4540
6057 4503
3908 2854