5097 5541 010
11185 4751 3005
11487 3717 947
11018 782 4872
38127 2292 488 589
6023 1249
12080 4203 2951
6027 98 4925
11628 4447 2517
4024 71
13454 113 153
4022 1192 2705
12141 1943 1282
6020 223 1367
11152 1743 4465
11276 5072 3716
6128 4915 3718
59209 4342 2012 807 5010 4635 3511 818 798 5014
11285 1667 1069
4022 3422
5387 2187
16130 3205
11585 861 2467
4024 2287
2222 3192 3779
5912 3896
13220 3703 4878
0 209 1946
4020 3383
6245 1143 1914
6027 459 169
8030 1424 2572
13270 2035 1858
51190 1957 4424 3641 1663
4024 1496
4024 1464
4024 4886 5074
6024 1400 445
13393 706 3688
13628 4805 2580
11384 4203 1500
4020 1878 2709
2135 4147 4271
11349 2033 2493 3498 5068 3046
27953 106 1269 1960 87 3103
27542 1393 2417 2687
4024 1446 4391
1994 902 1729
13362 1790 3665
6016 4707 3991
4222 3936 2194
26290 2535 3914 3190 1865 3275 4010 499 3246
12140 2491 245
13439 2697 4428
0 73 4243
6245 4193 2526
13511 69 5017
12706 4873 1566
6027 3524
13558 178 2830
11687 3596 3728
62150 2522 2674 1926 4084 2240 1634 1060 4645 318 3360 3438
11581 3476 2941
1101 948 3680
12147 2449 2491
13352 5018 3884
6027 1537 4273
5256 115
13064 127 2210
13419 2528 56
13520 4796 2586
12183 1915 431 3620 9 2459
62894 4844 4314 3623 959 240 1898 789 4748 250 635 3675 3379 4281 3864 232 2410
6023 2216 54
11638 1232 4777
13381 4761 3138
27495 2417 2953 1006 141 2487 4686 2936 4801 4995 4632 1805 1207 1309
11184 4184 1512
2002 2947 4152
6187 4319 2813
8016 4865 3160
0 3983 1258
6244 2230 405
16126 2020
11398 4180 571
16128 3593 1535
13450 535 3118
47613 44 3658
4024 2071
11341 310 2494
6019 5090 3115
13240 1730 3977
4024 3293
11618 974 2377
13301 3580 1130
19838 2010 4854
3198 3011 840
3827 823 137
2003 4224 7
2003 2750 4462
11181 3728 2444
4024 2794
13555 2677 2726
12292 567 4095
13787 1239 1110
2624 2928 4551
5480 4416 44 1547 2154
8019 654 2666
11524 4468 1774
6244 1154 3669
4020 114 838
12369 144 1474
6197 3525 2063
13354 4403 10
31898 942 2192 2233 387 1504 3779 1221 110 3685 4414 4538 838
13673 4810 67
18772 4479 3970 321 1412
11466 4916 1051
0 328 3596
0 4529
13487 1566 3837
11684 1950 282
11240 4283 2632
10916 335 4816
6024 138 2309
11965 2474 905 3039 2848 3320
4024 3906
13052 2046 68
4024 830
4395 2388 4430
11427 4252 4253
11406 708 414
10194 548 3657 3569 1123 4414
6023 458
11212 1180 1354
11208 4844 3213
65258 1118 4536 295 4838 3091 1890 307 4897 5066 4391 2349 2461
12417 227 97
6023 124
13398 2172 4815
5064 1695 4312
16734 76 3887 3472 3236 1612 3223 201 1594 3083 366
13675 2320 3635
6241 3908 1120
12149 4114 111
7093 5008 4958
11212 4480 1287
13513 4725 1732
5144 3746
11558 755 4317
4026 1696
6027 4762 908
6240 3397
12630 10 2647
6245 1452 542
4024 3509
4024 429 4489
12976 3195 924
6246 879 4069
4215 3509 2736
11125 3514 405
6026 4153
13475 2764 2612
850 5026 3101
49967 1553 479 2256 3835 2558 3798 495 4239
4024 3942
4026 741
6026 1097 1198
12486 1151 2128
21954 1573 4661 2197 4167 2317 30
34339 1311 3074 4257 1872 207 1262 2588 683 4298 3905
6018 3054 1526
61670 2263 504 4204 830 416 3649 192 1285 1864
4022 4764 492
13635 4024 3114
5960 4181 3152
6029 2508
0 584 4203
11687 1905 59
11408 2446 3617
13409 2462 2281
4022 1460
13629 3267 4681
24244 1269 3964 3129 3097 2365
5142 2156
6252 3099 3190
13306 2801 4320
6107 2719 2670
11273 4382 2327
6029 4211 4263
13470 1562 4695
25915 3220 4523 2261
6246 172 3679
4030 4933
5158 3328
4296 1717
11896 4649 1300
13366 2693 3941
11420 2455 4570
13727 1104 1146
2002 4794 2490
12138 141 1204
4145 3163 1477
11192 1500 288
11483 854 1250
13665 3412 2469
6021 2897 5041
11436 3761 170
6116 1364 3979
4024 4322 27
4435 4827 4385 4301
11138 1455 4997
11112 4026 3043
11167 2505 1861
12168 842 3680 1689 3860
45130 2321 1005 481 4688 3058 2268
11369 4638 1852
11377 3695 3560
4024 3861
4022 803
11530 4528 3707
4026 2455
11659 1453 4619 3283
6022 13
13171 4496 3627
13319 2159 2326
4022 1510
4024 137
8119 2858 992
12948 2925 2817
13070 4813 1528
6027 2161 436
4024 4457 72
11134 2283 1451
10976 1854 1579
2045 1476 2112
2209 1303 3302
5182 3105
6015 1567
13429 2435 4075
0 72 4890
2003 3459 1039 3964
13188 373 1715
4024 2634
6317 2103 1867
36543 1403 2522 2172 52
0 614
800 2081 3821
11352 3691 2223
4024 2147
11134 3440 72
13447 4938 801
17502 2056 4130 2678 1337 2708
4124 1713
6024 1922 3631
4055 3373 1006
4016 1314
11375 3633 4016
1995 4706 1757
6016 2479 3154
4024 4062 1238
12235 3972 2779
6017 3283
11414 4298 2810
13155 3187 2999
11763 4173 1495
0 1597 855
13378 4045 2570
6114 4946
6242 1151 3865
11224 4417 1918
4130 3220
4020 2132
4022 4902
8440 4290 2595
24155 4358 752
12665 2370 368
11528 5040 3937
20441 3863 418 4721 1259 1203 1451 2993 4380
11186 4997 3098
6235 1389
13570 4169 5021
27644 2213 3262 121 4226
23889 2480 2465 2915 4168
12480 916 3282
0 1393
6245 2428 5018
4022 2585 4483
11405 203 3786
6242 2249
11770 3957 3317
2431 2833 558
123 3374 4125
4055 3613
13289 3638 3486
39343 136 1348 1890 685 3136 3422 2689 1853
2024 4020 1186 1063 3669 1377 645 4808
8022 1988 2657
13457 4191 1993
23025 2503 3869 3796 3638 2786 2913 2649
6030 3590 4471
0 3912 421
12571 3229 3869
5537 3891 3093
2003 2324 1031
11227 2879 2054
4024 1000
2003 4356 136
6031 686 1653
6025 3960 3310
4059 89
4042 2436
11783 1756 1267
4022 3115
12195 1765 993
4328 1178
11573 1995 3235
11044 1188 4621
11239 3735 61
4024 3147 3871
6019 3304
2296 116 1622
93 4834 552
11367 5003 1641
6007 3387 4728
4024 3766 1333
4203 4251 5065
13175 2620 976
4026 1801 118
13245 1338 622
50083 3978 1703 3392
834 1857 2879 3056
4024 732
4058 2933
4783 520 847
19093 4334 123 2538 1888 982 2222 435
13913 1598 2573
4024 956
4024 1860 2882
6046 4616 850
4022 3682
2003 1932 4554
2001 3001 5083
11223 4625 2387
11421 1633 2767
11324 4274 4961
13454 4726 1784
1604 1622
4024 1554
6026 4832 3647
6028 4717 2959
13643 1809 2097
15412 4931 2244 3228
4020 2676
13268 4221 1380
12856 2421 1331
4024 4891 1453
0 3403
41272 4501 3430
4024 2465
13750 4098 2552
4024 1451
13314 401 503
0 1242 4393
42687 3979 3931
4877 717
0 3087 141
13555 1194 2541
12472 276 1796
12220 1139 2426
0 4342 4807 1841
13356 704 3400
4024 714
6244 2744 242
6244 1754
6245 2622
1104 3501 1831
4024 1140
11246 2548 4208
4034 2153
1994 2297 4217
2201 4799 2266
6026 4341
0 1930 2457
13592 2415 3829
2902 2893 3402
8341 3161
12080 5083 114
13251 3602 1042
17554 479 2220 4478 2839 3074
38638 2192 4583 1648
4022 3427 923
45631 1216 1403 1818
4020 1312 3172
4524 4103
4024 1076 1589
12395 2563 2842
29741 1807 3179 1429 2142 4080 4298 1311 2365 442 2105
47088 1566 4224 4409 483 4923 3982 4924
17194 3409
11558 1454 5001
13610 3844 362
4024 2916
4024 1656
4024 3742
33054 3493 1943 160 4215 2189 3390 82 3110 2927 1812
4024 4772 4854
2221 1263 837
15076 2235 1376 4334
8032 4569 2746
35998 439 2910
11577 3800 1164
4022 3004
2002 3737 4987
11326 131 4809
6019 4669 1184
43977 3242 172 920
5527 3941 1476
11139 690 278
6023 2418
12450 3090 1388
4024 301 4738
4024 4145
4024 4433 2993
11467 4771 2829
12425 3033 5067
13667 4711 3270
11410 2932 2753
11315 2354 4179 4864 2516
11206 156 2321
13638 1705 1431
11671 4641 71
6021 2487 2863
4024 2091
18127 4278 1857 1326 1205
6245 3703 335
6027 231
13306 3681 4716
25406 3903 927 3205
4026 410
6235 1950 2213
11408 2029 712
13424 3054 397 3199
17057 4998
4024 478
15494 1043 1689 37
4024 2457
11568 4737 605
8237 3683 3539
6019 1126
4022 2324
12436 2580 553
34602 4952 3347 1921 1862 2141
11447 1376 4999
11141 2722 1241
6027 849 3037
20656 4734 2771 566 4922 4615
16275 4204 4809 1054 3452 3817 3923 2250 4475 5076
6025 133 1566
4022 1885 30
4599 3124
12503 4854 2594
12177 814 807
16126 633
10870 2668 4332
8030 4533 2025
4925 2838
6028 2704 4017
6245 1157
13436 2144 3105
6229 3904 4875
6027 4179 2601
12914 2375 4913
16128 761
33511 3940 3350 1714 2984 4683
11794 2577 2451
6028 1943 1812
5240 3515 5028
24050 1813 4143 444 1418 3800 2327 1366
54869 4710 164 389 3617 2558 1099 3554 4328 2912 1263 2587
13554 1666 1273
6167 526 215
6481 4594 1645
4024 398 694
14987 4957 3307 3453
4022 560
10911 587 4025
4181 1183
6025 4 4655
6185 1854
43857 1920 2883 1952 1949
6440 2427 557
2002 173 702
4024 4881
6241 4826
2231 164 976
4479 2588 4304
11853 3840 1128
11330 3809 4880
9603 4479 4275 1013 51 4690
128 4882 1725
6244 641 4812
5121 3608
10637 362 3902
8960 2263 172
13604 611 3435
13361 2638 4221
4024 3721
11432 1053 1001
16130 2480
2219 2826 2330
2004 4705 1326
2790 4831 4648
4024 3271
12992 1799 2977
4026 3238 2645
13520 3064 3605
12339 2955 1094
454 3497 4214
13122 1998 2274
4852 1206 334
11320 1393 1264
12425 2309 2634
13327 901 1967
6246 4950
13617 4498 2077
6027 3289 481
5149 3119 4391
13323 2414 1070
4201 4589
13805 2309 1683 4904 3308
13496 4514 1821
4024 3097
4024 4333
11500 3760 842
6244 1994 86
11067 2871 2071
5061 3455
6024 1871 4292
13742 2735 2471
11998 1135 2607
5202 3650
11204 154 2860
11985 4910 1541
4024 1302
12167 2591 4644
13158 4218 2944
45272 796 3070 4288 4425
4022 132
13558 4928 4991
4024 4476
4897 4314
4022 322 4241
5059 451
11492 3536 4618
4020 2629
4024 3961
11992 491 3498
46729 985 2423 4444 2499 291
13537 660 2392
11430 3997 485
13532 4031 4927
11635 913 1245
2404 4116 4435
6241 2214 4468
6246 1784 4283
21283 4225 456 1143
4213 4462 103
13696 3150 4610
11143 3583 3094
4006 1355 4470
11220 84 859
17593 4020 1001
13519 2115 4167
4110 1183
11937 3101 4902
0 2869 1071
12044 4056 1006
13504 3661 672
4024 3369
12530 3929 3367
0 1457 4314
4024 4061 3280
11550 909 4213
4787 1273 177
6241 4843 1811
7076 4195 3496
27419 2679 794 2845 2309 486 4596 2930
4024 3341
11520 2701 4
4018 2625
13196 4921 2980
9130 2876 823 2013 2566
13532 3745 2966
11159 3712 4193
6508 954 2860 4219 4524
4024 4258
4049 2114
4006 4135 4044
6245 2353
11654 2459 2765
4883 3508
1994 3310 3188
11509 1243 1184
4024 4409
2221 447 4138
13235 4101 1229
6003 2946
13498 4631 2280
11469 4517 4948
18444 2282 4935
13588 4055 505
5109 1431
4022 4074 3314
0 3347 246
4024 4423 2926
8088 2550 1574
6238 1737 3427
4022 2638
0 2592 2533
13357 4013 3038
11334 2451 4872
12864 3013 329
13353 3451 1628
4024 3258
11020 684 3731
5197 1025 1674 3830
6381 2984 1660
13533 4499 2143
13148 3842 3419
6027 1507 1671
4024 4872
13342 1990 2427
8030 3369 463
4022 4998
4024 72
4022 2241
0 5029 3295
4024 2849
4024 3026
6244 830 2348
6232 2702 501
11482 661 3630
13410 3469 3170
4024 4717
6025 2251 296
4020 1184 1217
4273 2455
4022 5084 1325
6027 4646
6017 3116
36343 2599 1309 4686 2885 4063
1109 4249
2711 3170 4635
13380 1716 107
13358 2393 1210
4024 1835
11188 2073 2932
4024 4318 856
4022 2099
6017 3123 559
11183 642 1663
4024 4614
3995 3179 3060
6028 3935
11210 3541 1641
4038 3578
11151 1144 4413
4169 2996 2730
6025 2902
11067 2022 4404
58449 3481 4219 2860 4686 2226 1568 4545 4696 2748 3919 2858 4970
6243 578 1278
7530 1061 3875
42527 4044 2483
13564 4471 4955
11106 1496 1624
13601 1954 858
9700 3515 2165
11884 1921 2027
13438 900 1437
6077 874 3069
13121 3471 1654
11352 4069 170
4024 625
11754 295 907
12407 3027 308
4026 1496
6019 3378 1847
12557 1422 3517
11129 3413 418
3095 969 4100
13417 731 1467
11141 3254 2096
0 483
11436 1323 1794
4022 2026
4024 2279
11306 1250 2221
6244 940 1838
6027 3230
13590 1107 2291
1993 492 3528
4024 1421
13269 2228 371
11564 3692 3913
13265 38 4366
12019 4945 2431
11187 131 1310
4024 1964
0 2470 1727
11353 1531 1447
11380 441 3345
4022 1130 2345
2003 2099 372
58457 1016 4648 1628 2598
11657 3992 1921
12203 365 814
4024 4414
4636 3537
13280 4542 1999
4056 4690
4020 1687
13627 1931 2642
11204 1205 4940
11583 3991 4749
13361 1789 4861
4025 2879
6018 1247 1509
12125 3026 4030
4024 3685
12554 4870 692
11574 332 4239
6004 843
13048 4176 3203
3819 3642 2455
4022 2447
11452 1400 2921
4024 2672
4024 2372 1898
4024 5060
2004 2094 166
6165 3415 4203
4022 2747 2575
6211 3702 3799
4024 1348
13585 2230 4415 2269
11097 2335 2942
6026 2227
1608 1255
48587 2845 1034
16350 4902 4920 2293
36737 275 978 4358
2034 1619 4107
13885 4327 3208
4022 149
4024 1085
0 4293
6018 911
13369 1199 5085
11437 4926 3131
25518 4838 473 4536 1023 1158 4313 4892
6027 3749 2198
11249 926 3498
11275 1451 1775
11831 1867 3113
11825 2481 4284
4225 2835 1347
4018 2258 4240
6027 4108
25787 990 2226 4219
4024 2457 2381 3702 1151
6028 2162 4765
4890 4511
0 1767 2956
6025 957
4024 2403
5423 3884 5095
13332 1481 936
13144 3400 4729
6245 1640 3274
11057 1013 2800
11010 3081 3
13308 1211 4773
13331 1969 3428
13078 2493 1230
11494 1397 1762
13281 4824 2583
11206 3306 1905
4024 72
6313 3572 3085
11096 2527 2124
13483 3916 2433
2002 2780 2168
21368 4534 587 3480
7139 855 1322
35891 3667 547
13239 3576 4295
4027 17
4024 3899
11902 3023 4741
11251 251 3297
4012 5019
25335 1048 943 3611 3958 4793 4993 219 941 4476 4095
11667 4747 1091
11614 4963 1180
11136 3889 4978
24654 2421 17 3111 3590 4450 3961 3075 3787 462
11299 3180 2644
6244 3676
6027 3705 3947
0 1228 3298
11279 2862 1144
4088 2455
13346 717 462
4018 1979 5014
44403 2994 1034 1771 1244 1367 3026
4022 2057
9755 2050 17
11343 871 3909
21266 3914 1634 4226 2324 2864 4145 3221
39643 4213 3532 3759 909
6229 1669 4842
26333 830 592 4863 97 2386
12634 4581 3520
45304 3821 1344
4022 1023
6027 4359
13247 1975 1288
4026 2804
53121 823 172 128 1109 1869 640
4024 3382
4020 4984
13057 1895 4250 3733 4374
13737 3589 2623
6017 1414 3294
11187 5012 3423
11548 407 2721
20112 5094 1316 3266 110 4934 114
13560 5035 3012
3192 96 3826
13511 3006 2399
24907 534 2745 214 1689 4573 3845
13492 733 3628
11347 4785 3797
4076 3292 1218
12517 2320 3030
6116 334 882
7071 3664 1519
6027 455
11681 339 3695
11347 2331 4482
6046 2354 4699
10857 4512 4111
4024 204
6027 266 795
4020 658 2512
8023 3819 1593
13196 677 3215
2221 3169 571
4024 4709
4024 1317 22
2866 1222 3165
12952 4320 4229
4024 1614
6151 3199 1491
13881 2809 4702
13329 4575 4157
13579 2779 3790
4024 2988 1006
11548 4754 4098
11460 2565 819
4024 3979
13217 3854 4767
6064 681 1344
13483 2270 993
6027 4700
6257 3208 3158
2003 3396 2850
13298 158 1271
11262 4267 3032
4022 3237
2003 847 2146
4024 3974
11398 948 3510
4024 1364
2003 2791 1439
6027 5073
13373 4347 3330
6027 1183 4754
11472 4171 4119
4023 1765
20484 2166 1442 1677
6017 3100
11145 4121 2826
6027 2004 2509
4020 3161
6246 2657
4020 4708 4358
8146 3524 2239
13343 2597 680
13613 523 4548
0 1674 47
11104 1780 4083
4024 3464
11191 3461 125
26159 4063 4163 3250
13319 685 3771
22149 1404 2110 4038 151 2776 4671 3964
4024 583 821
11169 3254 2383
13222 758 1927
11267 1197 4809
4024 562
7135 3484 2120
11341 3730 929
4024 284
11636 970 1661
4024 2361
4024 1535
38082 416 3824 2263
6027 4437 1384
12966 1744 3967
13480 391 2009
12744 5013 157
4205 1160 4585
11173 4855 763
8064 438
7002 1681 4096
11324 915 3481
4027 3277
19814 2099 4797 2849 1070
13378 1103 2903
11119 3953 1106
11324 4184 2534
12956 2257 2392
11399 778 3664
32518 1378 2576 3645 1558
4094 2385
13680 1058 3206
15544 4079 4805 699 5086
8203 3811 803
0 4414 114
12091 971 803
13267 4786 2821
13420 4559 1184
15333 3454 2774 1656 3473
11423 2487 2
2221 63 884
6027 1570 3167
6028 1332 3558
1608 1760 4215
4024 4164
6204 3128
11515 595 3892
2001 4979 3042
2003 337 2971
6026 1943 775
2222 1939 4809
11174 72 1730
13548 4459 3802
5251 4617 1705
4024 3809 2804
11481 3494 4854
6027 2042 2592
1993 4862 2984
9076 2885 1310
1994 3659 3776
5673 5064
4022 2732 691
11053 2848 917
13166 3067 943
4022 2062
4048 3611
11136 1840 93
11438 2158 2426
6243 327 495
5169 2872
24156 752 3480
34390 2417 2953 2137 2856 2450 3560 5056 2254
2527 4162 4196
6025 1208
4024 335
2003 3278 1634
6241 3458 2993
6509 558 1999 4444
13509 2468 1187
12024 3765 3008 3254
0 1565 2759
11498 1544 2651
13696 770 1928
8999 2221 4969 2763 1358 2685
6027 228
13431 314 875
4026 3322
13204 2068 3232
37294 1441 4371 4640 1276 1749 3543 2465
6236 1883
8846 4927 2327
0 3096 2784
26622 4557 2681 4203 3699 1731 1741 4355 306
33754 3291 2416 508 4461 4388 572 2132
4024 2066 4907
13425 3740 3099
0 1721 2954
11821 215 3719 4759 2815
28512 76 4148 2867 3566 4126 2271 255 4086 3158 1167 1146 869 577
50590 5036 1260
11140 4407 1920
1854 2037 4791
5553 2015 3083
13182 5047 3917
12793 4773 3439
11270 781 499
6027 3593
11015 1186 4881
74681 1360 3852 715 1218
11105 4935 2790
6246 4955 5014
12254 2426 3952
13453 2347 2037
6020 4910 1838
13344 3674 3868
2411 761 826
12419 3478 3142
5304 626 4121 3830
16139 4184
11177 2354 4133
11209 3985 3936
11487 3026 4631
10967 4161 3910
4024 304
4213 3198 2707
4042 3723
48744 816 3026 750 1129 3292 2038 2845
13068 2459 3051 3904
13562 1555 4764
6018 2419
6028 1071
20806 3459 4839 2662 2332 241
2003 4844 4798
4031 1456
13141 3009 388
20149 445 1822 3231 5063
13493 1675 1666
11424 3716 4567
13959 1230 4727
7262 4900 3420
53349 1865 1919 2535 4226 3363 4661 803 2970 4436 2593 1726 1428
6029 2805
13199 2639 2701
11039 117 2839
2251 1498 2243
11166 2355 508
4109 457
4885 4648
11411 2690 2816
16128 2958
13206 2350 939
6027 4601
4022 61
12622 3832 673
13538 4370 1154
0 296 4751
6026 2131 5010
11337 3005 4020
11774 4716 2507 3112
13319 4515 4868
6244 4488 3687
11630 18 4225
13417 528 931
6029 576 1038
6243 4282 4406
6179 1561 2321
2003 1548 2002
5999 3368
4022 395 1469
4224 1909
6228 2263
10892 3601 1163
4024 4589
11350 4154 3926
6246 1735 2230
4024 1529
11467 1224 3330
11387 756 4203
2511 2938 2122
13464 4578 3924
11171 5007 2019
6241 3532 5008
42073 1251 4127
4024 804 3254
0 3527 3026
4018 3386
4022 517
4098 4215
2003 4869 1501
2003 4244 167
6244 1980 3862
4528 479
4024 2215
10338 5058 3656 1183
11186 1851 2628
50679 4455 2213 932 1308
6244 199
6014 1302 2694
11281 933 4093
6011 2975 701
13491 1985 2710
4022 830
6238 4522 104
11011 3389 1552
6026 3801
2377 1480 3233
13589 3585 2857
8019 2447 2244
0 1457
6001 1685
10994 136 4821 5031 4008
4030 2002
10515 143 2413
4024 2641
12291 4247 4486
27614 1133 2325 3870 3417 2705 2686 132 2192
4020 2207 1546
13241 2044 2736
13584 1313 449
4022 1981
11846 497 2487
13244 2012 1034 1391
6018 713 94
13577 4270 1783
36013 1393 2941
41566 3385 1123
4027 1644
11764 4948 540
12618 1556 2289
661 3424 3854
13178 1587 2783
13516 1680 369
33980 1186 4797 4664 377 4603 1343
13346 3944 2766
6745 4079 1541 1747
48954 1396 2087 2079 29 3224 1899 4846 2321 1963 566
11191 667 812
13460 3003 1588
11864 199 1006
16126 2444
1959 4027 3623
13581 4659 3348
4026 5053
25617 2417 1541 4249 2135 2381 3205 771 3115 269 4011 168 3662 2937 3702
11350 4609 4964
6030 2454
13389 1062 109
2003 2174 1175
6024 1509
13428 468 3471
4125 2653 761
4022 4985
13374 4856 925
4065 1763 1343
4766 1438
5415 1079 4323
4022 411
4026 1541
4022 4797
11304 1006 2464
13365 4026 4974
4432 4770 4932
4024 4596
11211 2205 2785
6028 4488
13860 4149 1970
4024 3762 4168
20297 1579 4308 2188 4576 2465 4650 1155
11277 2651 3613
11485 1387 4638
13447 1892 315
4513 3924
11480 805 134
4024 4031 1615
4024 1797 5034
34923 4203 2864 1247 4632 2979 2452 889 487 4950 574 4064 1217 4193 1101 3915 3702 1918 2692
43729 2531 603 2714 2260 1427 1356 5019 3859 646 945 4779 2631 3340 415 2170
13655 4037 3352
23695 1140 296 1015 1763 1297
18231 3288 4005 986
2221 3495 317
13635 2590 3715
12076 3632 3437
10915 3880 2408
739 2705 11
17781 2910 4127
12695 1796 367
4024 2313 4461
13767 1540 3734
11402 912 2385
6025 167
3280 1803 759
4033 3566 2297
11895 3297 1830
2221 5068 2613
10960 278 1900
4697 201 3089
30537 4785 1857 724 2939 434 4278 4909
889 4912 520
12217 3849 76
6026 981 2790
13457 4006 4161
11155 1328 655
12372 1256 783
2409 4206 1833
12988 4983 3022
6020 2852
2002 4969 3671
13411 392 3330 3084
11290 646 1183
14257 1613 3323 845 1016
4024 4768 4076
13470 1340 1990
11933 3976 114
12444 3123 862
13190 2547 2432
9264 1621 1084
7408 3754 3200
13548 4010 1883
5120 4169
0 2844 811
13451 606 1583
13677 785 1046
16126 4418 2856
4026 74
4018 4133 2980
11576 2296 3056
13470 1638 2008
2274 2380 4607
13655 4174 2832
11497 260 1686
13246 1359 104
20558 2952 4914 2468
11403 2235 454
4018 2327 363
4022 603
16126 816
11273 562 3974
4024 2487 1856
20472 2834 1183 728 3258 2652
6155 3166 3662 3191
6025 3310 5
11151 204 698
21493 2109 1090 2713
13284 3130 2133
4024 2603
4018 4902
11894 4779 749
5015 1211
1994 1382 1525
4022 81 1459
4024 4293 278
42929 3411 1804 1007
4024 4345
4024 170
11193 407 479
6247 521 2443
13589 3944 4515
12193 3016 4210
24694 3570 3271 312 1927 4984 3881
4024 1844 4192
6854 183 4184 44 3410
6023 3815
12884 1311 1336 879
4112 3795 4796
31098 480 3375 4485 584 4039 1706 1846
6242 1410 4436
4024 3516
36799 1614 996
13169 1533 2547
11194 2229 672
11218 2943 3629
13576 1905 1479
11398 3479 3849
4024 12
5658 4550 1836
4024 4962
11294 172 1516
8247 3555 3501
6273 2557 146 2408
6018 828
6009 1955
12149 4549 3537
11757 4624 2395
31636 4750 2615 4880
6255 1697 3578
44090 1480 4104
4026 2522
18111 4309 1953
4018 1186
4692 2027
6026 3834 3563
11540 196 4653
5887 2904 1527
25370 3913 2207 3432 1733 544 1105
939 236 2578
4024 4447
11693 4194 4299
4024 1416
11275 4483 2061
6237 3069 1103
17642 651 76
11687 966 708
39085 4653 170 4397 1271 1932 4406 4659 5045 397 1644
11403 1904 393
6243 3892 1126
10815 256 2245
0 3559 4265
6246 838 1964
4022 1545 861
2003 4723 1920
11471 1649 2859
6004 4377 3706
13473 3986 1600
13794 795 3962
12004 2960 695
1995 2976 1481
6245 648 4333
6019 434 511
11158 3322 2137
11560 3468 1210
6028 5027
7313 2733 1792
8187 355
8239 3486 950
13489 4472 325
6029 2681
13377 3206 4084
2003 1271 3804
12637 3453 252
12391 329 3477
17052 4538
13532 2165 1220
11324 4089 2845
8239 2391 1358
27080 2790 3547 4040 1161 3313 2227 1140
21813 4141 4455 825 874
4158 3201
4024 4245
6237 767 4838
38722 2014 295 4511 3380 745 1980 2879 4953 1913 4706
11406 2079 3546
13593 4573 1490
13126 2203 3014
0 3231
4050 4038 2110
6237 134 1579
4024 570
6255 2274 1184
4018 2054
11822 991 1342
5120 1239
16227 3852 1016
0 5000 2538
4112 1755
13710 3625 2741
11581 885 208
4024 4298
26210 3354 4686 2860 2173 2444 478
0 13 816
4054 2484
11561 2334 3592
16 1750 2317
4022 2083 5092
13343 3575 2411
11530 2128 3519
0 2390
4027 3968
12988 453 408 1507
2004 3551 296
14921 2937 2864 937 4152 2204 3516
4024 4409 3897
13632 354 2982
4024 3233
6027 1414 1257
13341 3257 3553
6028 921
11057 3297 3333
0 3032 3341
11260 4642 1177
14514 420 1878 1564 2557
13499 4976 280
11954 3534 1848
12107 3449 1129
13290 2314 4491
43753 45 3913 285 3409 521 2179 4178 1132 3357 2055
11105 4561 2989
6010 4852
20863 1143 3872 2193
2045 2436 786
13270 2738 3457
11787 3498 2747
11326 37 737
6237 4555
35730 4409 4965
49867 392 245 3421 2356 1472 3143
4022 908
4214 4585 2543
13647 1978 5002
6382 4785 2978
11337 4189 1553
11058 2225 3476
12035 2185 1274
8244 3252 3865
11073 4961 116
6245 1856 2585
38348 4929 3498 3297 1382 5039 2258 4180 4701 835 2252 4240 3949
12164 4928 3914
11310 4750 1306
13371 4389 1878
4022 478 4382
13363 5094 2369
2003 3606 2219
11266 2705 703
3579 4611 689
4029 2533 2896
6027 31
4024 2059 2002
11253 1681 1845
11100 2909 1184
4022 1048 4661
4022 397
4024 2071
13609 430 612
12879 2090 4983
6118 3954
12296 2940 4886
4157 4440
11146 5078 2141
12504 680 4131
30682 3310 3587 3570 1162 2215
1995 886 3081
13316 2838 2196
16126 996
16053 892 2166 3635
11861 1557 2040 4760
13012 2507 2411
13552 3958 4725
0 46 1641
11424 711 3521
11920 3072 2295
11743 4342 3866
6029 4678
35514 4447 3310 233 4525 4140 2376 361 764 278 2993
13007 1779 154
3036 4617 222 356 3123
4022 4253 400
11516 5023 211
11606 3425 1041
0 1116 581
13429 2003 1655
6270 3570 3773 1258 2488 3177
11395 181 3234
10090 3276 2573
13378 3614 4581
6023 1661
13136 2527 35
12386 2716 4732
13371 2664 4795
13424 692 4856
24159 4315
15320 2099 1076 3868
3970 2814 1912
4165 2993
6242 1403 3374
11702 2278 2820
12779 111 1677
11409 3863 1615
4726 417 235
4118 202 2555
2004 3217 4466
6027 1280 2732
29652 1294 1113
11386 1324 778
4024 3905
11295 4999 4423
11179 2641 3907
13331 2944 5059
13539 3664 2043
11266 2059 3959
4277 4182
13211 2712 2949
6017 1350
4064 1618 865
11685 4661 1623
32173 3493 2342 4215 4168
4022 1914
4853 265
17135 2357 2459 2331 4988 34 676 687
11172 3505 1963
11268 3922 1052
5842 2836
11581 40 203
1996 4237 1096
4022 3285
2446 3485 4264
4024 114
0 4215 3585
6027 1982 2545
11395 1376 630
4024 4228
6024 728 1156
42533 3931 2099 3878 4424 2439 1647 4191 226
2003 3249 4836
4020 77
6027 2444 5029
4024 3436
4857 4160
6244 1285 4852
4022 3148
4013 4093 2283
13191 848 2018
11602 4629 4386
11863 2751 3085
4024 4650 4383
11791 3575 5061
4907 3964 5052
1985 3616 1257
8032 171 4321
10726 1301 4827
13635 230 5032
11613 1083 1949
13499 3714 4636
6245 2694 711
4042 2754
11535 2567 1277
10120 3182 3589
18752 4226 85 919 4251 4344 2426
11405 4888 1888
6027 66
4210 3901 2614
6434 4780 4099
6915 3046 1196
16420 2381 1151 4079 543 1165 1142 3702
4026 3641 4516
888 2135 3164
36508 4345 4063 4227 2985 3424 989 1593 2113
11420 1317 4326
4031 1124 3812
56053 4416 106 2154
4024 1074
13705 2954 1996
4052 3439
6247 2662
19579 1111 4844
28615 164 3570 3271 1408 4211 3386
11408 3300 348
6017 1901 1036
13282 2231 1136
13735 2776 1443
12076 937 2609
2219 4586 1994
4024 1641
6025 1073
13424 2272 190
6025 4603
11631 2709 1388
6025 2962 988
57065 398 4568 458 4990 120 57 4945 3993
13570 238 2284
11392 5020 671
13653 2030 4060
6027 949
11400 2098 4088
11848 2180 2177
11373 169 2126
6616 616 3787
8027 3947 1801
12163 1968 1718
13487 4234 3927
13477 4870 2890
2203 1175 1354 234
4024 4844
13572 5085 2358
2030 3599 1614 3974
6235 1229
13386 4322 1916
6248 2169 3297
12983 3297 3023 1897
6244 3835 1138
13286 1145 3025
6150 395 4254
6027 1611
13352 2699 1909
1110 4720
6099 857 1544
16050 2455 4204 3887 2012 1689 141 1909 2417 2953
6005 4431 5078
2003 3226 2016
797 3569 266
4442 336 2777
11048 2112 3495
13002 1321 2886
11506 2956 3055
0 4908
11507 2645 1930
6017 1782 3774
12809 2397 2657
11740 3894 4675
13455 4991 4724
11538 4789 2987
11265 1769 2106
4035 3239
6027 1590 2962
4024 141
13283 2872 1218
13540 1276 1879 864 4893 1582
11174 1475 1181
8064 3411
4024 1971 3544
4024 1491
4022 753
4022 4203
13104 2389 1224
9961 347 321
4024 1492
6027 676 4911
13411 1650 3746
1993 2990 4232 3632
6019 3995
19081 623 1682 715
4024 1987 4607
4022 3482
6027 4259 4391
14284 2950 4726 2365 2503
11100 2179 344
91372 4536 1930 1962 820 4226 4228 61 4138 983
4024 2746
13425 2126 2904
6232 1683
13179 4903 1235
11172 3969 4467
13265 4209 780
39501 3578 1446 3758 4256 2084 5043 1560 3467 2477 3598 323 665 3783 3045
20093 1806 1652 3301
6906 2837 4902
16947 4877 3747 1134 4298 1311
11754 482 2002
4024 2770 3700
11382 1510 4359
4584 3742 390
4020 4743 1319
13658 4193 1625
16616 3769 2022 4073
13330 1642 3221
4030 3964 308
11345 682 4259
11335 1458 2786
23597 3112 403 2407 946 3097
6022 4670 2060
4024 4892
2004 2141 4809 3365
13374 627 3818
6022 917 1463
11115 2464 4905
11151 661 33
11222 1909 4697
2222 4509 4701
13498 1044 480
6245 2373 18
13405 3642 4434
13803 1855 822
6878 3346 3677
6027 630
4024 2700 3726
4024 2444
0 626 902
4574 1044
4020 4405
13230 1474 892
11012 2771 4786
8031 3710 2402
3932 2519 1139
17551 2758 1426 928 4157
4002 1628 3503
11108 530 1637
6193 3565 4692
4094 1858 1117
18611 4619 4617 1238
11390 722 4053
4022 5058 4632
71610 2423 4809 1594 842 445 4694 214 1909 5030 1870
4431 3349 4531
6269 3851 3378
7108 2444 4477
6245 5063
4024 2999 2460
2002 4968 140
3998 150 4246
13390 3791 1293
4018 4490
4929 2594
4024 2367
8002 2666 4942
4024 3356
48250 330 4395
13661 4563 4373
13351 430 961
0 1273
4024 3552
13524 2413 2521
12845 4050 4684
4024 4446
22364 3662 3393
12179 2294 2652
11513 253 2687
41394 4785 474 2984 4156 2731 2664
13310 242 4372
6245 654
18570 2713 4640 3813 2554 1911 195
13241 1576 2053
6024 3657
5564 4218
0 1004
6067 2716
4024 3305
4024 2326
12025 4254 1972 3437 500
18385 1865 1919 3495 4827 1048
4022 4727 710
4024 2234 1740
6027 3776 47
7689 959 91
4024 1000
13369 147 4216
4024 1302
6023 3273
12371 3996 1082
6026 2917 4833
13392 2409 617
11369 3966 3506
4016 3002 3794
6028 3751 1728
6016 1000
4842 4597
11415 14 2223
6277 2503 922
11107 2679 4768
5130 2711 2560
4022 1142
4027 2050
10956 3161 996
2002 3017 1370
13924 3650 2967
11285 2160 2503
2003 1800 4059
13100 2818 374
11480 4447 1362
2105 3713 312
6027 258 4458
13311 2366 2630
46505 4418 4708
2803 2117 951
8807 2478 3163
11071 786 1992
4059 1186 1161
2464 3317 2611
32922 3775 2071 4429 2590 3785 2412 891 314 1844
13345 2397 3201
4060 1778 774
4026 2102
6021 2534 1609
6199 4664 2799
16128 816
24235 1777 4063
13363 4932 3239 3298
6027 108 2589
2077 764 2508
6026 4748 4457
24236 1772
4124 5049 1767
12112 2772 1452
10873 3480 903
10926 4034 3899
13364 1604 3693
15333 4702 3429 1131
13123 346 565
12187 2175 3388
11270 2498 5072
6027 3235 2315
11370 3622 4539
11352 726 1924
13439 4056 48
13259 4756 3306
6027 1330
4024 4603
13525 3418 695
13404 3372 1969
14720 2880 368 1194 4969
4024 5041 1182
11394 3423 2282
8012 1884 514
4022 3284 1753
6024 1575 328
6007 3118 5082
12046 2891 1199
4024 1260
10706 76 4989
14496 1642 2659 4836
55698 4837 397 3151
5593 2192
7172 4555 351
6027 3530 4599
13486 585 4553
16625 476 4781 4410 405
11303 3711 478
4211 2211 2077
77 2048 3492
11169 2907 4510
4024 4291
11603 3909 392
13381 1889 2130
4022 3563 3077
13444 531 2606
0 1043 4042
13589 3780 3648
4024 3727
4024 3662
6027 4811 3543
6067 3931
13441 4037 3049
13407 4105 2624
11889 1201 2252
1097 376
4024 3964
2403 1212 4400
0 3897 3353
11200 3807 656
17121 1283 3684 3666 2785
4034 2299 2365
13492 699 1021
13570 4722 2792
11244 4966 974
4216 370 4342
4024 2135
4033 2881 4978
4024 1268 1765
11583 1426 3239
13282 4630 1273
7913 688 3885
11824 3593 1390
6025 2258 3515 4102 2868
0 2512
11164 4361 1102
4024 216
2002 295 4674
26661 2414 489 4066 2635 4572 234 4919
13342 2711 1669
2003 1246 1413
24512 331 1205 434 4302 3803 3956 3034
13593 1685 32
13295 3557 3223
16 338 4324
6408 4401 213
6284 452 4507 4237 2485
0 5021 4341
4044 172
13728 1048 1919 2535 51 3233 1874 1726 3394 4763
4026 4379
13784 244 765 2535
6024 3722 4268
11287 830 4361
2826 3021 1689
6024 538
6027 170 3168
11135 3647 4238
13212 2276 3945 1865
11371 3244 4966
6027 2474
4037 5030 3036
21980 2557 4336 41 1417 1388
11398 1614 4847
6185 1928
4135 3612 5087
11335 4645 3722
13813 1226 997
6029 2785 1799
4084 459 4661
13663 4613 3767
4024 4923
11145 1536 335
4024 4653 1819
25430 136 295 2972 4241 4408 2121 3981 1922
6244 3294 4469
4437 4956 1178
12076 3157 3702
4026 2301
18891 833 2746
6016 3752
6242 2500 1586
11344 72 739
0 1143 3506
11146 1203 3277
0 1555
11279 3889 4136
4024 4639
11254 4482 1312
36325 4100 2365 2119 788 4200 1280 4679 4349 3450 178 3597 2890
6024 2332 3261
145 3515 2472
4150 2141
22898 4434 1591 1664 2358 1077 1689 1594
2003 5051 2781
2148 1717 4698
3971 1470 1958
4024 1348
13685 1494 29
12126 71 4656 4686 4943 4504
13423 1584 2760
13364 2793 4617
12159 270 1183
11853 1048 1865 1726 4264
13407 490 2192 1008 1949 1318
20936 4952 452 679 2485 716
2011 1890 254
4024 3696
11661 4742 1789
4025 3593
4026 61 3145
6246 911 1267
4175 1880 990
11429 5009 4342
15831 1634 383 5054 1603
4024 723
11501 1311 341
11834 2273 4842
2002 4755 2303
11732 3810 3086
4022 2354
6027 2576
4024 4664
10940 4709 958
4034 2879
11388 3859 4376
0 4954
23527 476 12 405 4159 4894 957 3938
6241 2201
6014 4942 3964
4024 27 3731
6060 4594
4022 2646
14255 1920 3395 4122 2148 3828 1529 2883 490
4022 121 440
11512 3690 2515
11495 3355 490
10336 1296 4012 5082
6009 677
13165 1289 4353
4024 3845
16128 33
13417 1912 4756
4007 4662 5033
37618 44 2052
6025 2807
3475 1634 2535 3123
11432 1497 1143
13596 1316 709
6020 3514
6235 4353 2142
13212 523 4667
15901 1576 2292
13051 1795 784
13954 1173 2312
11129 2245 1617
8064 1725 4882
4428 3496 3573
2242 2933 3564
6245 4314 828
13300 5075 2772
0 3137
13528 3227 1406
0 815
10419 1098 1348
11319 1127 2135
10892 4866 1506
4024 4193
6008 3967 2003
6017 1108
4024 2012
0 1629
6027 297
2008 2743 2488
7985 1220 632
11603 4205 3840
13258 1762 3758
13312 298 3780
11474 1559 535
11189 316 4658
13321 1549 2699
13525 3605 2344
6016 519
11996 720 985
16138 2987
4024 5092 4944
20027 4215 4978 3618 1119 1645 1074 1425
13377 1984 1458
4024 895 2535
4024 5013
12543 4539 4203
5102 4838
13398 1235 2733
6245 923
37887 4772 95
6242 3628 3964
81861 1594 17 2845 4444 1129 1986 3523
2221 3906 592
4888 1348 4737
13053 1010 3895
4024 1596
11311 3538 4888
6016 1519
6267 1088 3963
38382 83 3516 4771 3815 4589 2973
4024 2242 2150
11318 670 1651
6029 3125
0 2365
6028 465 3597
2002 696 4500
13827 679 1298
6029 2374
11168 4516 441
13655 3826 1569
4024 4558
13351 4430 4503
2221 4332 43
17024 4788 2507
7685 3702 32
13242 2443 3602
6241 1020 1009
4048 1034
12794 2259 2801
5111 1443
2045 4507 3770
8026 4364 964
13653 1486 3434
13148 4684 1125
11395 2919 2864
6009 127
4024 4397
5319 2974 1815
11214 3159 3236
4181 1748 818
13604 2682 3185
12908 3057 1960 2817
13715 1718 4620
11686 305 1357
10233 4829 1393
6407 252 4399
2002 4007 817
0 4230
4024 1487 1425
6023 1657 3789
6245 1307 3586
11796 972 4072
11770 112 2492
4035 5086
14384 5082 3474
2003 4588 1002
11292 2579 2378
13624 2724 995
6248 4978 3526
13280 2089 2981
27365 1765 4447 88 2303 4267 536 3775 1430
4029 4940 4303
11371 4777 657
13463 3971 4900
6027 3034
6030 4228
12268 525 1814
11057 3420 2160
11111 1143 1349
11247 2432 2887
8323 3821 247
2003 3026 4857
2002 4996 1371
6081 3939 1641
13859 2420 2582
6018 3586
16125 1143
2004 4391 4000
4427 4738 2070
13284 2792 1432
2003 433 2125
4046 2240
4024 4782 3956
4016 4807 741
13461 3071 4456
6027 693 3698
13475 351 3882
11180 2942 1571
86868 2687 3677 714 2406 4797 931 1469 3274 659 1510 2393 4860
12020 4203 3339
11365 3719 2346
11739 4809 1768
13343 3615 244
12084 3330 3331
2221 2384 4854 397
2220 1609 4015
11181 3913 2770
4024 2137
16182 1251 2713
45115 4315 908 4038 1353 2901
0 4890
2037 235 1599
4024 2319 1544
13607 4185 2551 597 4952 4342
13581 2475 573
13611 2671 3757
4302 1760 2465
4022 3314
11570 1905 4956
11015 914 2365
0 1890 3136
11250 4181 1086
4024 4193
41722 2417 791 4425
4020 2091 3620
13336 1573 1636
4024 2444
13012 168 1373
6027 4807 2798
6241 1819 3554
6025 1064
39247 3291 4880 4254 3634 2209 3877 272 1001
13597 1252 2931
6026 2483
10373 1842 2237 1543 1981 2381 3702 1151
14167 4561 2150 2654 2559
49529 3442 979 1327 5081 2108
6016 5071 3310
2628 5004 2171
5126 2911 4322
51278 3241 4809 3347 3152 1659 1908 3181 1436 452
11014 1966 397
13144 628 5006
13568 2758 469
6245 4372 2426
4022 882
11372 249 4816
4022 1949
5111 5081 3807
4020 2021 2136
7281 2977 2785
12738 2675 4110
19140 4675 4226 379
10277 3729 106 1547
11506 2915 4194
13554 184 2502
4024 4992
4020 975
4384 4960 225
11205 2078 1752
3997 4203 231 3319
6027 4235 772
4024 4112
4022 3060 3559
13337 678 1340
21984 892 2289 2398 1442 3376
6246 2294 4669
11396 793 3082
13186 4111 1585
12446 3702 4652 1184
12340 2139 4270
5996 245 139
17107 1366 3473
4024 1155
4741 1785
12962 2337 2659
12113 1572 4988
11634 4519 3482
13230 1393 2787 1633 4178
4211 2905 1572
4024 4244 4099
6016 3887 4612
4024 4150
4029 3740
3029 2275 1410
11347 4830 4547
13597 3251 20
6245 2857 1175
11048 405 4070
13229 3065 4438
11388 4686 2778
46066 1920 3887 114 390 2676 2544 1808 1123 4367 4994 3742
19834 2640 3634 4352 1396
13557 50 2389
11452 2470 3867
13423 1440 4772
10985 4591 169
6027 762 4528
2221 2626 3047
0 3933
13488 4125 1944
6026 2935
6239 1351
4024 3290 1378
6247 4541 1171
4024 2619 2340
11503 1302 1124
46393 3978 2409
28873 4118 2132
6245 68 3039
6041 1814 2448
0 2961 3656
23540 1103 2903 282 440
13251 2788 564
11500 1100 1438
6020 73
4027 3063 4621
13367 3259 3460
6018 3111 1420
11201 2482 389
23735 991 2308 698 3370 4606
5351 2506 335
11187 248 1743
13416 3264 2475
6244 4680 1409
16154 770 671
6029 1343 748
13201 4884 704
11193 2455 1278
12402 82 746 1082
13664 4825 1556
24162 3191 2578
4024 114
6025 1728 2602
11302 1241 408
12075 3171 2426
4024 2135
13563 2395 3281
9105 899 2441
2025 2092 61
4005 636 4689 3280
11150 4759 2021
10975 1052 4648
7128 1115 352
16940 1314 1971 4242 4108 5080 4233 2309
4068 3502
6027 3102 3621
4024 3241
13308 289 2634
4024 457
6026 3551 645
4095 1830 1414
4024 4189
4020 979
4092 3781 3772
11353 3035 164
4216 3891 935
13674 1414 1849 2755 4469 768 3154
13932 3684 2039
4008 1184
11643 191 4939
13703 3127 2797
49199 504 3242 920 1078 172
11070 2661 3376
42002 3974 4640
2179 381 4705
4653 3688
6029 2559 215
31868 2958 3110 746
13344 875 2458
11439 3326 1006
13411 4854 1562
4024 1933
8264 519 1356
12996 4216 2185
11104 1874 3973
4024 4306
4022 1473
13614 697 4575
6606 608 3210
13123 180 4387
13157 610 1798
11364 1518 233
6243 1567 4142
11388 2712 2756
4020 3347
2003 4632 23
11165 2603 2706
13405 1136 2166
4022 2923
6246 701
20677 4831 4 1968 4648
13012 2698 751
11120 1712 2167
11547 2991 1448
2003 3500 1234
2014 1200 380
5999 3741 3259
11048 3619 1837
11430 2459 3404
13502 1894 2999 3706
5370 2426
11262 1934 2071
4026 3510 3990
16821 2845
4024 2403
11098 2605 3498
13340 2221 2322
30194 3925 587 2953 530 3308 4543 522 4740 124 3256 2245 4534
13423 2644 3782
4216 2825 2529
8234 1970 2423
2004 3567 1195
4022 1392
2431 3010 1787
4022 3570
4150 1370 169
9603 3480 2546
4024 4227 2113
13468 142 846
25507 215 3966 3028 2532 1073 4808 3224 1143 429
13620 2308 2828
12908 4672 3053
22683 4051 5015 304 450 2718 820
16128 1123
11192 225 1724
15984 1242 188 478 2993 998
8241 5088 2429
11471 4025 3491
10389 510 5088
11241 1496 851
11359 1906 1039
11082 2423 2702
11229 4787 1369
11476 4352 747
6244 2940 3861
6243 4564 2176
13363 2915 5060
4022 3702
0 2206
6025 3948 4048
12785 1493 4597
4052 2936
13579 1997 3571
11604 713 3162
11119 2101 3144
13110 4373 1020
12977 4490 640
0 136 4289
12983 3076 1058
4121 4843
7370 2584 4008
13714 3353 599
22095 852 3477 428 1027 3793 1936 2769 4468
11106 3419 1053
12089 4261 1403
24114 1496 2459 4663 3186 4398 3446 4849 3135
11921 1581 1909
4024 3587
6240 2782 4707
11431 918 3478
0 2914
6027 5071
6026 2808 3741
19162 2024 3403 1905 1837 2120 1632 183 397
6243 1758
20043 4749 2663 4226 1700 3583 2492
13467 3504 4486
6238 1419
12518 4047 276
11497 3572 4151
2001 4814 739
13423 3522 1667
6028 2028 4953
13152 472 3608
10974 4053 1451
2003 93 5000
4022 2067
9812 3702 4546
4292 1236
3331 2417 1541 4249 2135 3205 771 1151 3570 4277 3702
11176 4713 2745
11406 910 4526
11133 4292 2105
11480 1197 938
48725 2876 3442 823
6022 343 5044
13581 4404 129
13666 2194 1621
19 1374 2879
6024 4969 1342
6243 559 935
7407 655 2099
13158 3963 4776
13179 1291 2238
4022 4530
13187 4552 1766 1605
171 2166 3565
8004 841 4354
13505 3999 4520
13142 5036 3302
16129 1679 3407
15128 776 3416 2306 4527
6027 3666 3062
11159 2713 2428
11165 2099 4898
1994 5027 1656
43497 2557 1191 3926 1287 3248 2902
19830 2208 3680 2597 1737
14412 3950 4593 72
13340 1444 1372
4024 4552 1765
13702 1120 1708
13475 1854 528
6245 384
16146 1001
16309 4880 1594 76 979 3282 2381 2124 45 2637 3702 1151
6025 419 2663
13336 4185 1037
12574 3744 2085
11435 807 355
4020 2460
65146 558 1689 2333 4284 2312
11331 4416 4951
11176 4449 3159
54541 4226 3316 4785 3890 4982 2302 975 369 5049 2236 2145 1019 3724 3593 1535
4226 632 491
11199 2405 286
13417 2328 3485
5114 4778
6238 707
6281 1223 2080
13820 792 3450
21 3923 2510
13946 4958 239
2021 311 1397
6016 3260
4421 2796 5093
12956 4107 1510
4016 4591
11884 2239 3282
4024 3881
13188 2036 1264
24202 1147 1366 2127 1692 100 1673 1513 2860
6028 4451 2671
4034 179
4005 736 1115
6026 2211
4701 64
11865 3441 979
10946 475 621
11743 1183 3156
11354 2800 2943
6028 1153 3775
55885 3731 2885 1594 4610 3603 3141 198 4094 221 647 2229 813 735
5129 2741
19187 383 3578 446 2751 771 3644
13181 3044 2270
28254 1035 1496 2487 3117 4280 2300 600 3846 2357 71
2002 1694 2422
0 4134 136
13646 2830 180
12506 4196 3970
11159 1167 1662
91390 4978 4168 4215 283 4495 1175 996 2117 359 4374
4133 4978
11097 22 4802
13597 986 1240
13428 205 4449
2220 710 2195
4199 539 5038
4024 1907 4518
13662 4660 3890
6028 1876 125
12262 2224 2115
12768 4871 4834
4052 1641
11138 4939 1761
6027 4492 259
8157 283 2853 509
6037 4867 766
6019 3168 2220
14902 674 2134
12452 3473 1368
6030 1921 1862
12090 4628 3644
9071 76 2459 1246 947 432 1128 4097
11507 1989 1459
6070 3210
11232 200 3364
11979 52 64
11129 2063 2367
13557 43 785
2257 89 2785
4024 3931
11435 4975 4140
12011 2556 4809
11307 1786 4346
12333 4668 558
12573 4741 1897
13490 4622 3458
13763 2156 4272
29410 299 1752 2851 1744 4481 3626 1632 3297
4698 4553 3123
11886 3702 213
9366 3364 2222
39309 3112 1444 1066 2034
6108 1775 176
2003 895 2516
4024 3664 2434
0 4128
2001 856 1850
4350 4952
2220 5039 3655
11306 4222 1951
13030 3792 2509 428
4024 8
13521 2892 4860
5945 1680
4024 3462
13739 1708 4085
36596 4548 61 245 4551 1295
4084 3583 3525
13394 3757 3303
5157 3187
13293 55 3405
6245 791 1464
13600 4153 69
11211 4086 2311
6028 3660
4259 1184
4024 4688 2321
5 619 1423
6021 934 1769
31322 4226 51 1962 1048 1865 4719 3285 2806 5001 3190 1867 2004
6025 3545
11392 4887 4643
0 1361 335
4024 4203
13087 4780 4578
13478 367 3745
12900 3988 4899
4383 1405
6230 3858 2192
6027 1506
4391 2318 3414
13306 1277 1223
4024 378
11540 3447 4067
6017 3523 616
0 3935 2114
7386 360 4508
11504 2998 3212
11353 4287 1717
5995 1477
13623 3048 2497
29322 1878 1287 2408 4969 1388
4824 164 479
8503 2268 2136
6025 1746 2919
4024 3878
4024 4011 4832
4024 396
6242 4124
4024 871
6026 592 4532
4020 1533
4024 5012
4034 4666
13264 267 3382
16124 2705
6018 3913 31
12110 1461 336
4024 3301
4024 743 4855
17610 937 1937 2622 3831
4024 4520 475
7999 4254 2232 1303
11275 2067 4671
15365 39 4208 451
9950 4819 4080
13549 2085 2911
4024 787
13163 2697 2352
13557 1413 287
6837 70 3813
11701 479 5048
9927 170 496
6062 1774 4350
13663 1765 1189
4586 545
1994 964 619
4389 2750 1048
2913 461 1699
4212 274 3911
6026 4795 2898
13445 2409 900
4024 715
11362 3162 651
0 2881
0 471
2002 2234 2940
11556 1253 2288
4022 4419
11546 2868 2307
13315 1821 4028
13687 540 3946
4024 3657 3155
12085 1558 3652
4024 3188
11584 4844 1764
6287 162 4978
11411 1202 4506
4898 1538 3775
11691 1292 2667
11137 3588 3109
7041 3618 3987
13257 2768 4334
11374 2206 4664
6013 327
4024 4298
12649 2576 375
13418 834 2788
4024 1829
11298 590 4854
6027 4636 2199
11264 3521 3913
4022 1102
11183 4168 555
6020 1758 4559
13518 1184 4417
13079 122 2851
4024 3073
16056 4242 243 2249 522
4031 1854 4572
4304 3731
4024 2417
28143 4207 3173 506 4787 2887 618 5077
6243 1050 3922
4022 2193 3634
11189 1121 1484
4207 723 5021
4024 4647
13244 808 2310
11732 515 1603
11068 3742 1948
4022 153
6025 4388
4025 4422 299
6021 5046 4736
11544 989 1176
12179 1247 1712
1104 3833 1158
11016 2136 2971
4019 2669 4282
0 3125 3488
31192 897 297 4112 4460 1605 4176
6028 3036
13718 2176 1806
4024 4736
11202 2264 4165
20667 1551 1039 4943
11073 2367 2418
13318 1714 1466
6235 3725 4400
8004 1701 107
4022 2615
11334 3801 464
4023 4653 2655
6559 187 3593
8084 2445 2116
11303 3729 738
12924 4266 3029
13444 3885 61
13677 2152 3879
2001 2192 353
13081 4421 102
4022 4957 252
20313 587 3701 3102 3167 1745 3000 3383
12225 4845 3033
40301 3335 4345 1000 4557 1334
13306 2051 4976
6028 4058
11537 3629 4936
11989 4369 991
11476 2705 1123
39291 45 2099 4963 1713 3092 4021
4099 4784
6017 295 3631
4024 1056
4484 4978
4271 1183
13640 3215 197
13335 1105 1531
13158 4497 3490
11571 3822 3448
13347 2584 53
13376 2293 3984
13625 1996 1591
11069 2984 1672
13236 1050 589
11510 2333 641
11521 4661 3189
6029 467
28521 2571 3887 2686 1192 11 1421 1123
11382 2288 4287
13297 4497 1032
4024 4130 4399 252
4024 41 1564
6243 1108 4126
12469 1746 1855
16840 4663 1489 2285
13107 2109 1717 2405 4640 1251
10963 1184 5046
4988 4823 3076
7003 1465 1722
4033 3472
6017 3568 2324
2074 4907 187
0 5080
4020 837
11453 454 2926
6234 3336 4849
5276 2068 2829
13217 3676 3451
13589 102 3115
2003 4017 4097
15768 3970 5093
24162 4139 2973
3432 668 4440
2221 4171 1714
6027 1479 969
12943 2008 1330
4024 4502
13203 4877 539
13407 1125 159
13326 3907 4801
13183 2790 1398
4024 4116
4024 4374
13523 1363 2456
6003 4835
4024 1989
706 3593 373
11403 842 2382
39938 3913 1895 409 1635 4569
11602 1399 743
4022 671
4024 4203
4389 2593 99
12019 2457 1521
13753 4456 4381
11345 427 4880
12073 3520 1532
12104 2258 4046
4215 2285
2003 4661 4316
16224 3972 1681 2144
4024 988 4595
13403 1916 2836
11539 2870 4521
732 4204 3272
11011 991 3126
13178 3132 162
10292 600 2935
13319 4734 1141
4024 344
13490 4401 2618
51 2354 3182
11191 2107 1646
11331 1678 456
6238 1976 1779
16128 3637 3481 2842
4024 946
1993 3273 2988
6224 1557 908
12500 1598 4286
4026 2191
8278 261 868
4022 793
11360 3379 1910
1057 5021 2360
6016 1138
1328 3768 999
22560 1171 2494 2151 1884 3218 4226 1836
11457 1655 299
11474 2179 4901
12315 2623 2214
4024 3254
17561 1343 1017 4040 1208 2738
4024 886
13555 1839 2090
3996 1917 3928
2003 101 4409
24875 4788 3964
6241 4155 2438
6243 2262 4657
4024 3482 2129
19817 4797 4565 1770
11421 781 2453
13335 2039 186
11682 3196 4439
2287 3055 3975
2186 829 962 4880
6028 1049 4390
11152 2824 2535
6026 3295 1961
6025 2364
4439 866 4778
4024 263 5026
11598 4106 4828
11401 4944 4018
6055 79
4022 1470
6023 1005
13214 1056 4300
11486 229 2052
13605 2931 1754
4020 4220
11268 1473 3186
13139 3265 944
11443 3720 3149
11174 4854 3366
11482 4687 2806
4456 2311 4599
11518 894 510
4022 3663
13627 2322 3674
4081 424 2724
13504 59 2462
11341 4521 3538
6019 1237
6871 4164 291
2701 1247 4608
13580 3146 767
13814 2760 1499
6026 1643
13685 466 1440
2243 1051 389
13360 3841 3232
11345 3401 4426
28333 2940 4187 396 3540 5074 2773 3481 3234
12728 3882 3833
4018 1228 4437
81949 2305 3980 4807 587 750 2012 3852 3482 4607 3082 1341 1034
4024 3887
13376 4870 3788
11003 970 125
2003 638 931
6027 4065 878
6250 2632 2503
13347 1214 4348
8029 2958 2480
11671 5097 4583
4840 3664
71417 1231 4418 979
13350 1114 2188
6913 671 228
11029 1319 3615
32813 671 3403 1366 595 2444 542
4024 3230 3527
4022 812
6024 432
29439 3123 1378 4843 820 4619 3320 2045 1183
6244 4186 4885
6233 3962 3417
4024 1006
6018 1849 2605
4219 3503 576
4024 2761
2221 4285 536
4222 977 1613
11160 4600 4992
56723 3439 4231 2994
11541 4391 3483
4020 592 2386
13558 4574 3279
5486 4952 2999
15658 331 4511 1940 3056 305 2390 1348 3694 727 4138
4020 1796
0 2600 1843
11097 338 3594
16128 490 1949
11292 4941 3015
16872 651 2455 3241 3843 966 3402
13121 1600 4437
11356 2080 2638
4024 4029 3241
4022 3240
6243 1578 1905
4711 1803
13210 2518 3499
11501 385 3727
12185 2896 4347
11165 3202 5021 4749
2759 1423 2894
11167 4228 206
8019 2596 4862
4023 2972
13523 3421 5042
4036 2110
6148 669 2408
21597 2213 932
13035 1636 1301
13410 4720 2180
4226 4325 4894
11359 4592 1816
11135 4556 3823
4025 1427
42152 1193 410
12533 2582 2140
4022 479
4537 299
4024 2362 3104
17349 4168 283 2338 2155
2003 3759 402
19301 4438 4302 5017 4782 1736
4024 3192
6026 2560 2045
13246 4815 4803
11381 737 3021
4024 3414 3653
8025 3867 2290
11252 3345 4898
13303 3160 229
4022 615 2722
2060 3581 405
623 4803 105
4024 4314
15517 4708 3325 587
13322 2133 2818
11419 657 427
39666 3091 4220 1974 3851 333 3755 4933 3145 3431 4670 4861
0 3498 5062
8234 2765 2202
11500 76 2343
4984 1151 1378 3123
17543 1086 3706 3241
203 1205 4799
38751 2842 2336 1434 2602
11327 62 1132
11374 747 2098
11439 2453 1279
13488 546 1485
1994 4150 3236
13274 607 4155
4022 78
11529 4785 3582
6243 1489
11451 1632 4100
11378 6 4529
4022 1240
0 4880 1594 76 979 3282 2309
6224 1004 1549
12019 517 4937
4022 774 1601
11157 4307 4270
52254 2853 1057 2269 3184
11075 3797 350
6838 3645 3123 1323 4842
0 2212
8020 1611 1565
6028 4115 4124
4022 4391
5130 3994
13287 3148 593 4969
36955 3610 1751 3190 3769
6092 3738 4027
4080 3245 3576
3102 3508 1048
7606 4808 4489 956 2654
11461 1890 2899
19517 4665 2729 2020 3834
13783 3672 2048
11309 4249 1107
2004 3272 1324
4223 514 2151
12968 1407 4498
0 4123 1183
13034 1233 591
13438 2070 3071
13524 1380 3750
11128 3580 4686
6459 1714 474 2700 965 627
16130 1544
11112 3823 4981
43440 2000 3439 1608
0 2775 869
11681 4260 1394
8064 1626 3393
4035 2295
4024 3702
16357 1471 423 984 2327 1451 278 3953
38922 816 2874
6015 4637
13706 5042 668
0 3487
39568 4044 4580 4658 2553
17399 1694 264 2878 2301
11243 4360 2679
4020 342
6027 3352 1739
13669 3519 1145
4004 4178 412
11231 1 1065
4223 4537 841
6027 3106 4441
2202 4197 987
13540 1042 3825
13504 2315 3681
11721 4001 96
13255 839 4694
5232 4454 622
12261 1351 5069
11274 2884 4020
12340 5070 1266
4022 1750
4099 3534 4061
13564 3211 3064
6016 4279 4429
2834 1870 2921
13055 1213 4311
12272 1586 800
6025 5062
11373 1588 4930
56152 1034 816 639 2082 3384 729 1092 1029 3433
12432 5052 686
4024 2321
4962 2673
12648 846 4514
11611 3918 4847
4024 880 1386
12299 2680 425
6038 2075 1857
2446 3448 2256
6030 2658 1877
1994 455 4714
6019 620 3436
1560 2210 125
4024 4200
0 4843
4020 955
11314 212 4859
13455 2458 4090
11296 3425 1641
2885 43 1540
11642 2199 3275
3445 4323 2556
13510 1828 4055
11203 3194 4619
4033 4392 1035
11425 4170 3775
5298 2323
4034 442 171
11012 1601 2803
11508 2879 331 1234
42030 4184 2052
7113 4101 215
6029 3654 4451
2002 663 2164
6018 3600
4256 2404 4550
4084 3806 2217
13248 3019 516
1995 4715 2190
4048 4742
13362 4879 971
11122 4785 4544
8182 1308 681
2002 4412 547 4288
13357 2981 2095
11930 1448 4113
11379 4083 2633
10708 170 389
12748 807 4023
12529 2715 2350
12094 1820 5082
13531 3151 4198
4024 4285
13582 3633 3811
11245 1439 782
2220 2168 2845
10898 141 1010
18526 1216 3985
2768 1521 790
17116 4943 4032 5033 3604 1935
4024 366 3887
13493 4695 4464
10223 1204 4144
6244 420
28489 2933 4391 136
4024 2687
10615 4619 303
11312 569 4368
5427 4921
6022 999 4949
13275 532 3129 1656 183
11138 279 4562
13172 1003 185
4006 893 3440
6240 163 575
0 2679 2247
11606 44 4865
11516 2914 3336
12630 469 237
0 3311 3007
6026 3454
13586 4435 3814
4020 2616
11569 405 2269
11652 807 2219
43890 2507 1656 1066
12274 4448 765
5434 174
23008 1151 3252 4790 2726 313 90 3662
4005 650 4077
19636 2459 4201 3904
13245 86 1802
3131 527 4428
6269 4378 3999
4892 4203
4024 4298
34321 2864 2937 1222 2960 2504 5070 660 3516 1453 1962
11464 3831 460 3475
6028 2023 2656
6247 2763 4473
6015 2262
4194 953 3349
16126 3097 183
6244 4143 1252
10973 760 3973
13330 3886 2764
13259 5069 3148
0 4646 4487
11151 2357 3372
0 2121 295
4905 4168 1977
8465 75 4934
4024 3843
2221 4806 3588
11505 4733 2455
13660 1024 4917
4060 1403
11178 2346 4306
4059 1926 2933
6008 2835
2003 319 4854
20604 2966 1517 3133
4119 2822
6243 568
6291 1807 3078
1929 3347 2141 175
44049 4918 3474
2002 259 2258
0 2608 3657
13398 3574 2452
10923 4677 1893
26 877 1006
11510 2425 2049
8241 80 2925
20651 4495 896 1749 386
11138 2345 2599
4146 1761 202
0 1543
4883 862
4099 1248
0 2679 949
6028 1872 2482
10554 859 4509
13240 643 653
11383 3651 2236
4024 393 4043
11420 4775 2638
4036 4447
4223 4753
3045 4312 4931
4022 4277 1459
4018 4226 3329
6006 397 663
2016 3775 808
4024 2141
2219 2769 1534
4024 3346
4068 2958
11776 2051 3224
11502 2820 2357
13642 2525 264
2003 2610 602
5234 2703 4879
36461 51 3246 4337 185 2967 2535
41557 3662 2232 5086 4600 1248
10977 2918 24
2003 3770 3464
6238 3050
12940 4296 157
11432 3462 2802
11507 4797 4363
2148 5055 1032
11347 442 865
11400 1225 3358
13321 1766 1345
4026 5021 2895
13543 3462 734
4020 4544
24060 5082 21 438 2381 3702 1151
13805 939 1335
4024 3887
13572 754 877
5021 3903
4058 2280 2489
13404 4500 3019
4119 2553 4230
6231 135 4234
11689 4721 3371
8463 858 2693
12927 3296 4338
6245 3752 1478
18348 3254 3321 2785
11388 3444 4474
10140 191 271
12032 1652 820
12986 3687 4485
6243 1859 141
12574 1143 3185 2321
4024 3710 4918
11453 4844 1596
13324 4057 1978
13566 4986 352
12510 302 4295
6027 700 2861
14323 4042 1043 1352 3490
13703 995 2840
10449 1865 1381 4763 1113 4690
12269 1460 2842 4686
6027 1787 316
9354 2049 141 2945
11470 3462 881
4305 4158 515
13741 1610 1845 1773
2002 2889 3645
25832 2938 2141 3601 2885 2248 3731 2888 3706
4024 416 2263
12634 4262 4626
11400 1875 4504
12083 4166 2969
22679 3929 3190 3830 51
6040 4735 3774
4026 2408
4024 1511 3594
4038 4063 906
13285 3435 2187
9266 3115 1411
12755 3573 4219
16840 3218 3765 1091 910 693 2789 987
4024 4883
2003 2309 4954
13504 4218 1383
11593 624 1247
3988 2298 2218
4005 3404 2437
6024 1906
6008 4077 282
6868 4883 3887
11579 5087 2224
13186 2821 3998
4026 838
13604 3771 182
11441 3312 4904
4240 3371 3850
13507 426 4845
21062 1267 1553 513 3570 4087
4024 2976 2762
6022 1734 2775
11181 780 2099
4051 3047 51
11278 4870 1461
11466 1900 930
4024 983
13576 2877 4047
2003 582 2241
13303 2238 4574
10549 284 2441 2417 2953
13208 262 222
11634 4314 1800
2003 2535 1502
4024 3601
8444 4822 3356
4020 1187
6027 526
11452 3516 2204
16288 2132 1001
11504 1034 845
2640 92 3992
12739 835 1891
0 637 2807
13146 4145 3216
29479 1414 1586 1585 1385 801 1201 2503
10666 4724 811 4437 1773
4846 3331
11164 4696 1554
11198 1642 2574
6243 2401 236
12097 2524 4825
4007 320 3340
13547 1723 4416
6271 1791 788
13519 4914 484
9 2309 530
4022 5005 3714
38568 1438 1451 1249 4908 309 602 3545 2138
4024 4184 3106
4022 3544 3268
4065 1343
2002 613 2118
3162 4654 4290
21031 3797 4785 2426 4735 3465 3693
11384 290 1764
13373 3814 3844
4024 2161
11669 4146 4619 2864 125
4028 3218
11522 994 1327
4169 1218
0 4623
12033 4314 2930
4024 2271
4024 3873
13645 4477 194
11903 3894 3178
24834 2104 1216 4037 1084 888
12133 2104 3299
4022 3333 4512
11433 3332 1385
6027 3426 3940
16124 2681
2220 3104 2723
4026 4255
4024 4215
11383 4005 2100
6020 3304 1184
2003 1386 588
6005 4844
13373 5089 4024
1990 4930 5090
11622 712 2924
13625 1670 3183
39777 452 2141 3152 2286 614
13139 4160 1149
13440 3128 1690
16137 474
12584 3888 3672
8219 1185 3002
6014 1834 2353
9193 1366 3473 4381 3447
4024 1952 4407
13412 3287 1702
5154 1393
11487 3200 4134
4026 3987
0 61
6027 4342 3910
4814 4137
1608 1048
13110 2506 2490
4026 1659
11477 3871 2823
12525 580 4050
3987 1075 3853
11094 633 3403 579 3556
11101 2221 3921
4018 3214 3269
6252 3135 1795
2001 4487 255
1316 1472 292
4022 1273
12203 2166 2264
8249 3381 4867
13600 1691 688
11009 72 2781
6212 3539 1348
6027 3377
18644 831 3656 2570
2001 28 2679
6228 3026
16130 1133
11498 1553 1093
2002 3919 324
2946 1785 3785
4022 1111
4024 405
6244 4484
0 330
18424 1711 2990 3632
11247 1865 5047
11181 1949 3396
4024 3395 878
13271 152 3636
11280 4034 4168
13537 4989 4004
13128 371 779
11240 2841 4308
11940 2885 385
13021 2860 357 2365 3369
6017 2300 3260
6018 2526
6018 3561
17222 2402 4309
13573 4453 4094
17834 399 1393
11064 4018 1269
12036 1260 1616 3989
12497 4317 205
4024 690
11342 2546 2922
6029 742
11288 2403 5058
0 2866 1123
6245 1794
6245 629 2355
6025 1047 2078
12258 1403 2900
2004 295 19
11469 836 1798
659 1544 1137
11168 1456 3045
6027 3334
0 617 391
6007 784
11729 4843 1783
16130 358
4385 2933
4024 3529 1302
6120 3026
12041 2043 5076
13533 3251 505
9314 1514 4671 3038
12076 1725 1190
4078 61
58836 2987 2874 3577 1012 3820 1550
6019 3100 250
4208 4625 2450
45244 2137 2386
11250 5037 4162
10874 3219 4447
20696 4266 4922 4739
11368 4964 2357
11430 2549 3354
2221 2696 3035
12592 4311 1391
9619 2433 1905
9747 623 2725
0 457
12974 484 1337
6025 946 3107
3993 4117 537
4266 4365
6235 1398
13100 984 2501
16123 1039 241
13151 2218 3759
6308 905 4522
24783 4903 3196 2520 3237 3203
8019 4377 5073
2004 3193 904
4081 3316
13346 3916 3517
4025 3487 1641
11406 4021 1328
11056 5014 643
4776 4141
13318 682 1157
11453 141 2717
10896 3354 4067 2173 3912 2484 946
43451 3153 2065
7840 3841 3124
11171 1409 62
12325 1338 2354
12262 2361 1024
4026 1281
47944 4358 794 978 1780 2318
28471 671 2773 2842 929
29949 4666 4807 2845 2798 2178 1630
4024 2875
13651 4870 914
11040 2429 1503
13638 294 1332
3 2997 3467
0 2656 4447
13521 4129 4049
12479 2695 3231
4026 2329
0 1815
33479 1493 405 4319 3640 4712
2031 3643 963
14989 3806 1188 1726 1599 3847
12166 586 1973
2219 4791 518
34878 1414 43 3739 557 3515 1399 763 3902 2934 4518 2307
6245 2892
4024 2296
5131 1286 376
11498 2246 3913
2201 1682 2869
13614 4270 2368
11324 4310 1497
4026 1738 1899
13029 3948 4048
12181 601 2970
3151 159 155
4024 884 2304
386 17 3708
1348 5059 4592
11305 3932 3678
6022 1965 160
9676 1849 3498 678 4102 477 1907
22686 2020 1275 4896 3290 3123 4236 1378
13339 3466 689
6243 4848 5024
13370 1373 3003
12236 824 2754
11098 1447 2627
6018 2373
4024 2012 2550
6027 58 899
4024 2523 112
13203 2069 3762
2003 2861 1092
0 702 3529
0 3528 3432
6028 1810
6026 3982
64500 4580 821 1089
4163 3938
6719 1390 3018
6220 4951 5089
11158 5054 554
2618 1290 719
2220 2831 2017
8226 448 3380
4024 2842
11512 665 3548
11422 3877 4556
11019 1826 996
0 1617 3312
6026 3310 2536
4024 1349
6973 1343 4711
4025 3541
6026 5079 4582
4020 4853
6017 2251 1377
11696 1707 4970
13362 1383 4048
11195 479 2130
13187 4728 1286
5124 5050 3369
4024 1859
11177 950 4481
0 2164 1315
11202 217 979
13313 3406 4972
12086 4014 3856
6025 1299 1820
11487 1974 4823
0 2398 1684
4067 1006 1200
4026 2313
6032 4437 2718
4824 132 1597
42869 1459 1553 1438 2381 1267 4889 2316 3271
13350 2344 4398
13176 790 2371
13308 1973 3253
4024 3156 4765
4441 1372 1523
4413 2969 797
4617 3439
31734 1641 2457 666 1293
4022 3913
6246 2983 94
4022 2927
11236 2948 4119 4303 4623
13971 2523 569 2367
4062 4408 4391
6008 1505 1114
13354 2061 2086
11596 1438 2359
11389 3140 2616
5140 1534 834
6238 300 807
4024 4453
4032 1369
17936 85 1014 2670 2744 1925 1848 2426
62633 3821 4836 3249 2882
4024 3656
4022 118 60
6021 2025 1905
4031 1641
4324 1582 3974
13209 3061 4978
29655 3706 4809 3241 3286 1079 4876
13198 388 2036
4043 2455
4022 3810 3086
13091 516 1997
4024 1420
11331 3870 4973
4212 502 2375
5913 5015
11091 2967 3838
2027 803 973
5755 4385 1881
11329 1176 293
12850 4854 1462
11224 2859 2103
4024 1525 3655
11110 479 179
11883 2002 2617
11124 3690 2299
2001 2125 71
6027 2247
4026 1788
4024 1148 72
11487 4362 3827
7482 4109 1363
2219 2503 4375
6329 4475 224
13161 843 2011
11183 2684 1279
4020 642
6024 2689 254
20376 1190 1626 4232 3937 3393
6010 257 3080
13831 2193 2132 2640
13235 1442 142
13087 3397 5036
0 2773 4643
12251 294 299
11321 4506 4642
13234 4712 3493
0 1542 33
6245 735 1668
4052 3494
12340 2486 2457
16327 2960 3240 937
5999 4159
11534 349 1873
13419 1823 4269
16130 172
13464 541 1751
11139 3975 3171
11826 2609 4366
0 2922
6028 4466 3059
11599 2514 3616
14172 2212 3595 3382 1101
13451 2608 132 3155 1719
4024 87
0 967
6026 4203 2530
6020 578
31813 3191 1248 1711 1825 1151 3115
13405 4325 2827
14871 2855 1486 848 2510 936
13493 48 4971
6027 1836 2404
11560 796 4850
11107 4405 4677
995 109 296
13722 4222 4870
4022 1215
13415 3351 2974
11998 4902 3743
13363 2828 1022
4024 72
13311 809 2725
11088 2099 1670
4216 3513 5011
13447 192 3778
0 2409 63 214
13241 437 3010
11088 5077 340
13561 4531 448
10984 1836 2259
14101 730 3997 114
4022 4465
13432 1068 3222
2635 38 2267
4024 4330
11461 1951 3619
11029 4426 248
4026 705
6859 1782 3316
6027 2879 4731
11186 850 217
4029 1923 3816
4024 4561
6027 2096
11302 1000 4601
0 1646
11126 2679 5084
44123 2417 1541 4249 2135 2381 3205 771 1151 2170 2379 4595 1893 2339 4686 2505 4784 4504 1183 744 2035 2992
13076 435 26
4022 4859
6027 810
16485 3601 2938 4744 2301 3241 1320
11120 220 4527
4024 5010 3511
2222 4929 4977
45111 4309 4918 1679 3225
4023 1813
11406 4546 594
4024 1756
6243 3309 1530
5092 1189
11152 1045 15
11329 2 4510
105 16 4564
11118 1005 2101
2773 3731 2822
2003 507 3836
11611 1882 1868
2023 1033 4909
4026 2426
11456 2665 4448
4024 1672 4276
11960 2893 1824
11100 60 100
6236 2154 2672
4093 915
39639 2455 3241 2636 3744 4322 3720 1946 625 4002
4024 4410
11184 833 3829
6018 1196
11594 3789 318
13386 3945 5091
4022 413
13288 3977 2968
6223 5002 3498
4213 2184 1003
3961 2364 2298
13234 1648 4367 404 2646 2192
13606 3673 3855
6251 2420 3731
13013 2541 593
12659 1625 148
3910 4110 1644 4298
4020 4009
4024 4032 762
13315 2982 4190
6026 1740
13471 1896 3217
4024 4447
13276 1225 4291
5190 2933
6025 4474
13573 2116 2524
6620 1992 1641
13016 821 2916 3460
4020 534
4034 5045 207
4026 1174 3526
12338 4524 4906
12344 4023 4810
7249 3254 987 4747
0 325 4228
5284 1886
6245 3803 2784
33757 2967 1651
4025 2041 3193
13565 907 3267
3998 2255 3862
4024 1459
8019 1604 3247
18008 1765 3180 2614 3052 2454 4732 2071 4223
6025 1729 967
6213 4584
6018 3679
12045 24 114
13251 1993 1823
66 2255 3981
13183 2310 3901
4024 1641
7463 4835 3838
12157 3388 1765
4020 288
11244 1574 807
13313 2847 4884
4024 2060 3735
6025 868 4442
13166 4558 1697
6053 4454 2516
6432 4350 2354
11417 4294 1739
11642 3974 1272
5212 299 3971
15481 3316 844 2959
4024 164
13440 744 4403
17723 411 4177 4885 4769 478
6025 1112 2668
13196 960 4800
13155 1857 3768
4024 1336
6023 4848
11575 3063 3495
2221 1835 2149
4022 4648
6028 498 962
4024 1935 3604
4226 3080 941
11609 1546 3913
11857 2586 1717
13466 3108 3318
8028 1270 2020
6245 3696 4565
4022 457
13245 1660 3965
6025 857
4024 3439
42313 825 3594 2081 247 4324
4014 2696
11236 2908 2986
48318 4848 920
5972 3009
13389 840 2030
13447 4326 3624 4168 4215
4024 1949
12893 4530 384 3733
5278 626 3246 1025
11741 3124 2576
13277 4767 1061
5133 2843 2653
52542 4139 5082 4535 1299 2973
11062 164 1587
11505 3721 5056
13340 3927 120
11456 3784 3610
6027 4217 4392
2221 1991 497
8216 2840 3475
6018 629
2082 3139 2885
13561 3318 401
2030 1956 842
4216 2459
4024 3495
10957 3921 5053
11284 1207 1281
11635 3269 4297
11209 2933 1691
16367 1360 2845 1016
13253 3368 3858
4686 1137 873
6233 3743
13813 3562 4473
16156 4571
4221 3853 2544
11486 1184 1941
15540 4248 4851 214
12760 218 2336
13811 1098 3772
2218 1475 278
4024 72
8237 1411 269
4024 1449
6020 2195 2923
13095 1022 1469
12390 302 299
11015 1123 3607
4024 319 3366
13350 1396 4105
2003 4708 3327
4070 4769
6027 673
6023 4394
11883 2132 3542
11553 2561 1510
13676 4129 2675
4026 1191
2004 1267 2442
12546 2097 2843
4014 4850
5417 65 777
13778 1847 2674
6239 3132
31586 4960 2192 141 1594 2705 3207 2846 2182 3263 3087
12320 4384 3351
11275 806 1902
6288 2473 2426
3522 2257 303
11303 954 1313
6029 4719
11586 1606 3329
13372 2015 4144
13343 25 4261
0 1379 1834
4024 4322
11297 799 1781
11686 4103 4500
8236 3782 1538
11722 503 3498
11533 4700 438 3209
6208 4463 470 1035 3117
2075 1482 170
11718 126 2013
13157 1484 2737
11995 4870 143
11619 819 1818
13782 3361 1030 4952
13399 2595 4770
0 3473 301
51885 1393 4215 2746 1302 705 3812 2107 3502 3579 2627 2572
16123 820 51 4051 1415 4836
4141 1183
13711 3466 792
13465 1011 4926
4024 3031
1993 671 3387
7010 4463 4201
11231 3370 3848
9815 2639 1498
21 2434 457
13723 1087 1179
16130 2309
11209 2408 1081
13258 1577 3837
6008 2793
37823 3246 580
4026 4809
23431 1510 364 1827 2495
4022 3513
0 2200 4889
4321 4807
6028 664 2551
7092 1028 50
11218 277 3632
13365 3533 1943
6051 2084
1994 3334 474
13382 197 417
11307 4314 165
6245 4273 4029
13245 1141 1265
11522 1874 3736
13568 2607 4660
6025 810 1575
6733 3507 2341
11271 1414 4492
33017 4409 2410 4202
3989 4115 4156
13300 1019 4822
11421 933 2993
13565 4804 1433
4024 4193
11410 2093 1857
4024 290
12700 803 1445
11441 4136 1487
6027 309
11369 807 556
13873 1322 2866
13445 2019 2394
56751 4213 4686 183 1524 1653 2795 1945 2011 4549 908 241 1832
13420 3818 4109
11927 2321 1738
6018 922 1984
11176 1375 4993
11155 4376 1639
28926 2728 116 2463 4682
13706 2074 3796
13658 2758 261
2220 3131 2276
39651 2265 883 3599 3795 1245 1582
11385 2803 3651
12038 5032 1221
13201 91 3738
50884 2208 330
48162 4880 364 872 208
1608 2845
4090 3781 1890
6026 398 3531
4025 4420 81
13416 4858 2698
13069 3084 1028
6006 1321
13487 2617 3359
4437 4800 2542
6025 3411
12847 2304 4851
4024 49 725
16945 4402 3293 4853 4952 716
4024 1566
4224 2965 4022
4006 4844 1627
8233 4415 1735
11195 560 3685
5999 3265
8245 3120 2400
4024 2088
4024 3011
4098 3731
6027 4192 4132
13714 3399 4384
11536 3339 1187
6017 1209
11301 4972 2057
11987 2352 1118
2001 3748 4597
6236 51 1226
11452 1151 2562
4323 1953
6246 620
6243 5057 3562
75 4184 2106
11272 4661 257
0 467 2727
2218 2812 3410
4024 4680
37400 296 572 1065 3015
4038 3468 2687
13580 3994 4280
12152 3075 3764
13446 3343 174
11178 2329 486
6245 212 1168
1968 2968 1148
13329 2606 4804
0 3943 2888
4024 729
4024 1181 561
2003 3086 3749
6245 4499
11369 1781 3398
5114 4622
4024 4177
35568 4644 3330 1185 1828 4226
0 2110 908 1353
4451 1273
4038 2790 1343
4890 4134
4024 3231 1822
11232 3172 4609
16817 2998 674 598
6247 267
12098 2755 4937
12562 3279 2370
7773 3553 3507 2341
13567 3489 4758
4156 3367 1709
4020 2324 3914
6027 4154
2221 1687 2376
6018 4920
13383 3049 611
13531 577 1790
13637 5028 3227
6053 2683 4876
4024 1753
13470 1569 4186
4026 3018 582
0 4619 260
24815 651 1772 906 3250 1544
4020 1183 4120
4024 2850
4026 1854
4024 2549 3473
11051 4962 4513
5114 683 158
4020 2189
4018 5038
8249 2062 4996
12407 4523 1651
11205 4840 613
13651 239 4343
4024 1219 4409
8021 3116 3262
6010 4875
16035 940 1541 4562 1142
11379 397 2581
4020 4467
13372 4233 4331
11123 903 3073
12081 1335 61
13238 2521 4349
11800 1006 2529
4430 4946 3271
4022 1571
4024 1341
12954 3044 4470
4024 4887
4024 4393
4024 1518 1106
6233 3408 2455
6242 103 803
13557 4654 928
4024 2727 2487
13612 870 360
16368 2181 4866 1539 4203
9528 2950 1905 691 4533
13268 3058 606
4025 1849 3515
12047 3900 394
4083 1294
13171 3872 1829
11053 5022 2811
11378 753 2439
6027 769 2245
13339 3965 3625
12759 3747 2152
11175 853 2169
11251 2163 2657
11752 3072 5010
11265 4692 144
1995 3951 2963
11751 2739 563
13271 4676 3455
24173 2209
4026 890 3582
0 4064
15915 4214 1025 894 4264
4024 1949
0 2979
13391 2963 2564
6017 292 2201
1092 2710 1006
6245 1193 1090
0 4270 2511
13711 3879 3489
4026 2708 252
4024 1437
6025 4003
6173 1027 1233
23972 4228 5066 4041 2461 4618 4628 3358
6018 598
10990 1902 3959
13575 4331 3362
12044 605 1634 2879
24162 3834 2729
11160 2496 1451
4659 1344 3470
11158 2284 4842
11371 478 3130
13182 3895 3089
13305 3296 422 820
6027 3320
2127 4444 42
11153 1006 4174
6233 1173
2003 2945 2183
4024 2371
11732 78 1378
6842 161 2528
6027 1081 4052
13220 2946 2796
6001 1714 3951
8357 867 1681
11808 4838 3238
3988 1943 3646
4222 1515 3348
6239 1209 1030
11252 3443 980
16126 906
13472 952 2833
13589 2661 5005
4024 3245
13510 169 573
35491 3827 2465 2629 2915 3137 4215 1493 283 1174 3398
4225 1227 281
4024 3052
11488 890 2731
12250 4343 4580
12004 4843 265
6244 4148 1237
4024 4673
12906 2657 734
11490 4036 3800
6270 1393 2179 3004
6030 428 471
4024 1414 84
13346 2122 175
11872 4626 1488
4754 5010
29916 3057 4015 4985 934 77 1026 3311 1269
6404 2114 2419
13407 4060 2865
3021 4874 2842
4024 4203
2005 2253 1408
13419 3750 4262
11940 298 1510
2003 1268 4003
26279 4840 594 1650 55 3955 1183 2123 1983 4235
11162 1305 2155
6025 586
11649 980 2463
944 3008 4338
4024 3078
6024 4627
11598 1905 3040
6233 3920 3117
4024 3950
44210 2161 1000 3121 4188 40 1085 2006 3660 6 177 742 4340 2539 2749 4099 4859 1620 2100 1183
19817 457 1594 4809 172 2762 4577
4022 1991
4426 1212
13019 2638 4758
12247 378 2580
13184 4258 1640
12210 1266 4979
11546 1553 189
13758 4774 4236
19805 3964 821 583
4068 518 4121
89916 2002 2465 405 3913 4640 4802 1505 4168 3827 1493 1095 4346 951 3338
4440 1732 2275
2003 380 3839
15571 3257 546 1720
19086 595 671 3253 770
2052 2819 2933
13604 506 354
13589 3670 2515
4022 3775
4024 398 98
36027 566 1069
143642 4749 2426 4644 2535 820 1634 1048 1535 2367 4037 2153 282 2785 3178 4468
10960 2319 1544
42169 5034 1634 4134 2897 3766 2076 1508
6020 863 4541
97 3212 2058
16143 2874
8029 3632 1626
12275 2245 4082
13714 3213 1577
2075 4193 2162
6500 4212 3516
11642 1501 1862
11281 1873 4790
11212 732 164
11402 768 1414
11170 552 1890
5434 2634 2245
4020 54 4941
4024 2181 1097
10578 1346 4334
13219 1696 4965
13671 1122 4757
13423 5064 3860
2219 2381 652 2975 3702 1151
4904 833
11810 326 1535
13217 4357 130
4024 1454 130
43403 4808 1589 2578 2132 4880 1725
2004 3337 5020
0 1641
4891 170 4328
13367 596 4209
6027 1654 1631
4022 2989
13288 3896 2356
13440 3243 4190
6028 189
10255 4563 1503 4121 1919
4345 1315 4775
13363 3445 2673
11162 2071 880
6021 1868
13602 3648 4672
13298 3504 2171 2957 4128 1131
4116 42
13375 5050 2502
13363 66 3943
2219 4682 345
4022 499
4195 3726 4537
13212 2381 3177 4420
0 434 1205
4005 4959 3020
10797 4022 2459
11202 4348 72
13424 2655 1072
11445 565 122
12735 766 2423
11544 3079 2871
3087 2777 4817
11217 2706 2554
46106 4425 547 3070
0 2349 4391
12464 3315 274
13597 3754 1817
11499 2384 538
0 757 1259
11881 3794 4644
12226 797 3229
4437 4464 3195
13203 3850 4525
22319 4590 2621 263 3122 1365 170 397 3747 1644
4024 1305
6265 2816 4967
4024 4827 210
6241 2917 1857
11586 2072 3582
4024 496
4020 4844
11786 3144 2277
11608 4432 2957
13191 1175 4383 3401
18735 3710 3407 1296
4024 3505
7669 3022 3449
3050 140 3176
4022 761
36927 72 1975 3325 3284 2929 3942 551 581 4390
24158 2110 1468
4024 2757
13326 149 3412
11137 4500 658
11283 3493 79
12972 186 863
6028 1526 4419
22685 3731 1584 3898 2140 209
5424 1163 3048
4040 1860 3821
13155 2906 3663
11156 3827 1545
5140 754
4022 4257 479
6027 4873
2003 4686 3689
13532 4082 4137
11272 464 2033
13527 1325 533
19697 335 408 2618 4673 4245
6019 4402
4022 1878
12122 3190
4022 4197 3216
934 4960
6027 4604 4203
6025 1863 382
50805 4952 17 4807 370 5010 4602 3361 1841 1449 1929 2114
6233 4075 4172
4120 4743 1535
46996 1544 2681 1261
11372 2498 4215
11908 2894 888
6244 2852 4281
13261 4085 1905
13418 2589 3793
13441 4587 4613
11324 2335 2193
4224 1955 1966
13134 2399 4746
1600 4566 1000
4024 307
8608 5001 4252
52047 3480 275 4708 4396 898 752
6027 1647 827
4024 3000
11036 1869 1851
11396 4917 3624
2003 3197 4980
4016 2042
13493 3456 4829
13705 3652 706
4065 3742 2192
4061 3094
12042 2685 4389
6009 1062
16528 996
13391 1715 2145
13234 1704 2347
14053 2740 833 2465
11488 3626 4422
11337 1941 3969
8015 3463 1320
11165 4872 3120
11267 1866 4479
4022 278
12017 2752 3354
11453 1418 188
4026 1522 4308
13804 4004 3888
13594 210 3612
11013 4570 1520
13600 2281 4676
6026 2648 1001
13536 4369 1417
11159 2805 4314
33075 3091 136 4289 527 1631 3584 2875 2964 2088 46
4024 3839 3051
2003 363 4092
6025 4809 3876
21804 1703
4064 4358
11661 1311 2047
11486 3571 2357
2077 2708 2056
21632 4735 2665 1833
13465 1861 2768
4006 3992 4335
13330 3799 113
13561 670 2388
2001 1676 3668
2013 1072 1311
4024 3355 1008
4049 1890 3584
51769 3950 1402 398 604 1379 4076 4647 2794
11259 3732 1812
6015 5024
4022 3070
11208 667 4652
14243 942 4947 718 132 4501 114
13372 746 3996
21756 1547 3305 2424 106 4972
11145 2631 270
50828 1231 2856 1759
2002 4321 2604
11361 3983 4277
13696 4868 2677
4024 4375 2649
11612 1483 615
25998 33 1510
30279 547 2124 4288
11317 2841 3691
6270 4447 4824
8239 53 3119
11451 3020 1765
13205 129 2032
8018 1595 4826
4020 4307
0 423
6033 1668 1909
13456 563 3108
1252 1274 1048
20100 3298 3568 921 4442 4587 2844 2886
13094 2190 2917
4254 2802
3433 2730 1435
6027 3007
4018 3790 4437
11424 4579 4874
60038 558 2012 4571 4147 985 4634
4008 5065 4895
4005 1710 4653
28386 1451 2071 8 3174 4494 3488 1304 4627 1755 4427 3753 3444
4713 3113 3725
6234 2469 2425
4024 807
0 3059 2445
4449 4821
13535 3591 3408
6038 3013 3792
29624 1344 1103
13493 2095 2752
2003 232 1776
6026 1757
13389 4667 960
4026 2657
11798 1195 1001
13400 99 567
6025 3904 3920
13381 3088 4296
11542 14 3686
6021 1478 3654
11439 1639 4081
13173 108 564 4550 2354 4226
10229 1891 2258
6886 4090 570
8002 300 675
4224 4704 1333
13715 3856 3126
6026 3219 3756
11255 3627 457
2003 550 803
13640 1692 3328
4024 389
9593 116 499 4379
11397 146 5057
11962 3558 2503
11217 851 1904
2220 287 1307
13251 4620 3391
13839 3222 1273
12309 2368 1122
4020 3134 3373
7193 1172 1068
1608 156 2971
11227 1698 2348
6241 1392 4844
6027 3949 2479
5810 5091
4024 4447
11480 3161 2465
4024 224
13327 2695 2707
13636 2978 525
13526 4033 628
17696 3211 4318 2026 3900
17601 358 4947 4414
11427 2734 4504
4032 2032 5096
21765 3244 4502 1915 3702
6027 5011 4588
11116 2613 3639
4235 1862 2041
4022 2552
11211 3169 1665
11524 1816 3717
5537 1348 2879 773
4026 3332 853
11268 4068 4664
13186 3030 531
13565 1265 1067
11147 1542 2029
4024 609
11493 3498 2472
4024 2178
6012 2400 2577
11168 2761 2831
13115 1110 3461
12038 191 4073
6237 3763 595
9636 4297 1451
4022 2383
11417 3707 2403
4022 2198 220
4024 2951 119
11587 3829 2396
13388 1690 3683
6025 2566
4024 4100 465
11544 794 4605 2309
4024 3834
16686 1634 136 761
8226 4276 3006
19848 1339 114 4598
11131 1788 2006
13217 5095 5025
13518 4229 2205
13302 4812 720
4022 2309
11374 3204 3068
10736 671 4745
4022 2379 3712
11233 2186 4844
9237 2522 901
12014 3964 1290
14612 1283 3062 4468
4033 105 2522
0 2397 2412
11519 1811 2504
4024 341
13463 1401 1809
11309 3542 2908
841 1000 2681
13553 2031 3791
12528 2630 945
4024 5040
14177 2136 1394 3697
11431 3098 4079
13777 4264 1704
1197 3718 2337
11539 3816 2799
3214 4355
4022 1045
42088 4844 1566
16130 409 2746
11342 4386 198
41217 4634 3857 4444
4024 1854 2635
8242 842 1350
13336 3281 2877
13167 2279 867
7254 1175 4841
4022 4204
13712 1087 2540
4022 4443
32127 3532 2998 4172
4441 1462 824
6026 3549 4970
12209 2854 390
4219 3777 4668
11941 925 1405
1259 1559
6475 4351 4437
4024 4505 2066
13272 1080 529 2020
4024 4298
11155 2440 2197
4022 3512 2907
4022 2410
8298 1947 482
12052 2759 3702
2003 1170 587
2825 1742 4009 2342
17584 4753 4538
1994 2825 1810
11385 2873 3191
6027 3699 1059
18613 4722 5010 4342
13530 1793 1563 1140
6027 4340
4022 4534
6025 2221
37809 2845 1629 1236
4024 2834
11028 4043 1152
6399 568 2455
4729 1422
4004 2182 4703
13609 4351 1886
11647 662 4693
4024 456
6032 339
8917 1453 1686 961 1917
8069 554 4134
17762 1686 222 4062 3093 3050 3320 2864
13073 2053 4484
11444 317 2217
13677 4035 2501
0 3582 3324
6185 1291
2409 3441 343
12011 3243 4182
6021 4447 4199
10685 2486 4134
4024 1520
13588 4718 1846
11411 1029 608
20389 5058 4792 2287 1183 76 1688
37 4714 4708
6 4571 4444
4022 17 653
8021 1530 2626
13535 4713 2995
11056 1177 216
11678 1903 4846
31172 2265 4215 996 1717 5025 2713 4698
11509 431 4971
11218 3639 1387
2221 2537 3637
27570 4226 4294 4037 545
2341 61 1882
6027 649 3134
11677 4409 2643
15620 715 1055 3808 2292 512 2243
4022 196
11680 1522 1175
13130 4967 4938
11956 4413 2170
13946 1311 5022 2669 4446 1889 1300
7187 4096 3315
6026 488
4024 1915
2210 2797 4686
13507 2998 1995
6216 1311 1149
13389 3946 2473
37718 169 1048 4016 2757 1492 2703 1885 1428
6020 1959
20562 2712 2357
17500 1140 4513 2619 1938 1770
16126 2973
37217 3482 4807 2569
13460 1967 4459
11988 4584 2499
13340 415 2167
4024 2933 1657
13155 3436 908 2579
13213 4269 2323
2040 4334 4175
4022 1853
13382 1606 2153
13426 4387 4117
2220 3668 3157
6028 5082 1450
11608 4913 1905
13008 4019 2225
13019 182 4871
10928 4274 3970
13133 4752 474
13240 1709 2044
4020 4697
45704 3964 671 3702 76 1366 2191 4330 4657 651 3234 2983 1915
4022 2824
0 215 2532
4024 2241
4216 4936 721 499 3233
6076 4929 4977
9710 1684 4114
11043 4614 4809
6490 1689 3012
13429 190 3088
11327 671 3300
11728 1664 4685
5917 1911 4640
6027 852
6027 876 3903
10827 1665 1414
6223 866 1783
6014 4612
5139 5034 4472
4212 2266 511
11190 258 1348
13602 2360 49
50726 2930 4987 1759 4358 4633 3873 5007 898
11439 860 1939
4022 479
13598 3547 426
4630 3640 3493 4998
6242 2382 4637
0 4633 3037
2004 3065 4766
13389 437 1066
4006 350 644
13255 5006 4630
6028 3893 2535
6243 1592 2905
11009 278 3214
13328 4602 1839
4024 1318
13565 1607 3298
13510 1445 147
6009 1632 346
3095 1046 1727
6014 324 3555
6239 779
4022 5043
6027 3694
12112 1465 3775
4024 3141
12995 456 2766
15522 3247 4400 3316
8024 2650 2660
4024 2014 447
13669 421 2089
4024 3445
4024 2309
6241 800 2500
2083 1924 3066
0 4344 1649
4023 3706
2699 4545 5079
13209 4354 4752
13318 3765 804
6025 72 1776
10668 4226 2895 725 2367
43911 1292 1416
4024 1063 1
6294 4746 4683
36185 4598 3175
6027 889 870
4022 1934
13216 1958 1791
12504 4247 4891
12776 4207 4049
11064 1005 2242
4022 1443
4020 75
6027 151
8216 1865 3233
6243 1036 173
0 772 3574
4025 4715
13594 873 3832
11395 1745 1219
11550 3800 3874
12480 3911 1169
10828 2020 424
4393 2010 406 2196
13464 783 1012
13613 4212 4986
13825 4265 3173
6244 2394
11229 74 2073
12458 2809 2430
6246 1184 1255
13695 2540 1539
2493 1812
4022 2917 2093
6229 5067
12647 2688 3702
33591 1714 1205 3316 2426 3068 2948 1407 844
6243 944 1678
11397 2638 2334
24410 2034 2795
4022 1608
11382 4238 3115
10763 1009 3497
4020 4632
4022 803
4022 200
8008 1466 2596
4022 1272 70
32084 2799 2099 1140 1166 931 3197
4024 1040
8523 381 2939
13397 3802 3988
7862 76 2737
11247 2467 4215
6244 2920 2928
11344 4028 3954
7960 940 39
4022 4981 3140
13230 4666 2845 4342 3482 370 2129 2094 3934
15281 4254 2971 5086 2321 296
83218 1689 457 4204 1659 2141 3601 4394 4693 2102 958 3930 2497 912 414
13856 3764 115
6027 1826
13372 501 4542
6238 230
4020 2372
13457 139 2920
2221 2147 123
5101 4286
11648 4905 5016
1608 2581
4024 4919
2431 4452 1118
7247 3952 3287
9914 3564 2715
13185 4427 787
13525 3303 2231
13263 4431 494
20212 1726 210 4301 1527
4033 2811
13314 4365 2055
4016 2186
4140 512 2292
4022 2562 349
6028 1736
5218 2476 322
4117 2742 3784
24325 3594 4915 1806 3914 1511
50762 1807 4854
22483 761 136 4158 2007 1347
4024 1039
11207 4193 4074
6116 4576
11187 1933 4843 4142 2960 822
21036 2864 585 4842 4173 2351 3041 3429
54971 72 3342 2611 4568 1552 1040 1580 4305 4491 3226 135 3995 4547
13470 3270 2680
11223 4639 1143
11227 3031 1879
15267 3518 3824 3805
2003 2723 2357
11570 3667 3883
13169 3990 3860
13464 1516 1395
2001 3992 3550
70659 95 4837 2272 461 2625 3614 963 3147 2823 2105 406
11360 2575 926
13312 1467 1160
4024 2082
6247 3984
14125 4203 3704 3043
6244 2518 2099
11340 2933 726
6028 2898 965
4022 823
4023 428
6018 3103 80
11068 1982 4099
13180 3377 2481
13343 1067 4421
4024 1096
33060 731 3276 3670 3908 2847 1578 3484
13272 4681 2476
41721 631 4978 4378 621 3
6027 4329 57
11218 4443 4187
4024 4078 470
11510 4058 3601
13089 1644 2735
4022 26
6242 3189 3067
38066 2417 2953 4254 2132 3979 2753 1292 2804 498
11497 1015 493
128 1972 500
11913 3255 3263
12902 3788 2228
11203 2865 3800
4024 1434 36
11647 4091 2537
11366 2017 1536
4022 3933 3570
0 240 2111
11525 4757 356
2274 1658 761
4020 1614
6238 1943 2906
4028 4445
4022 3516
4111 136
11250 2924 2406
5564 2542
13238 2074 1047
4018 2787
19719 751 575 3673 1254 1643 273
12207 3462 1638
11329 3268 530
2221 1662 4818
13448 3763 5075
57 1002 2719
4022 1602 3310
11684 3723 1205
6243 543 1021
6027 1624
9794 1206 4927
13090 472 4679
13400 3307 1240
7323 16 4836
4028 117
13641 3142 4362
52529 3153 3710 3225
13339 1854 4820
13200 4054 751
4224 591 3095
12293 456 3445
11616 398 1887
4024 398
6027 7
6010 3917 760
14903 998 4912 561
11956 1415 549
5518 1414 3709 4691
4024 3025 3344
11941 3176 352
13843 1169 1773
11465 2933 193
15967 838 3138
6245 1017 610
9327 2684 4690
3204 4046 2955
13183 4651 251
11347 2261 2478
4024 724 2072
12660 4243 2884
6029 1701 1945
12716 3086 1915 2662
2003 2001 2812
3075 1566 707
13505 268 4087
16130 4501 4414
2881 609 1135
6023 3096
12250 1183 524
2190 2424 3535
29640 2513 4342 452 1921 3992 2878 2114 3910
11228 2374 1348
4024 3256 1942
13496 675 1018
11369 2119 1892
4020 484 2678
8203 145 2435
6017 4279
10149 3887 2159 4339
11093 345 1412
11355 1284 4068
11687 2687 805
11422 1152 3446
6243 1402 4246
11296 1875 1840
13266 4300 4651
4022 1695
0 991 2557 2391 1796 2966 1215
13690 671 4582 3552
13295 3665 4641
14147 4007 4416 3561
4026 3607
4024 1168
4024 2496
13500 2682 1389
11713 4691 3709
50515 2465 2002 4872 1843 2691 2612 806 3600 2466 2069
4207 4210 955
4024 4363
11701 2986 4806
4026 2426
13549 1432 1213
11603 1267 832
11169 1159 4184
13393 4774 3228
35944 4708 413
11923 2177 1496
13506 1805 3399
4024 1566
13339 549 1607
11362 2157 2873
11152 3968 803
4026 2192
4024 76
8020 4072 2083
11130 211 279
19616 443 634 4712
11257 1483 453
4024 2377 1361
13355 4357 400 2535
13731 1406 3739
6239 323
4401 2139
13776 4165 3309
13387 2143 4718
11282 4708 1088
13610 1089 145
4026 1929
31674 4342 17 4602 4113 1064 3708 4183
2003 3678 4505
11335 2568 836
13194 924 2005
15394 1018 3469 17 815
4178 3609 2324
4024 4818
13718 56 2917
13133 286 65
11408 802 1184
4024 4255 1568
16053 2895 3202 281 2782 1863 2642
2543 4653 4106
4022 1455
13386 4411 3518
12197 4540 4640
0 2810 163
6027 1329 2407
6214 477 4057
6027 1513 637
11226 1877 1689
6032 1118
13741 1528 3976
6028 1959 3086
37721 4228 1182 4704
6010 839
56341 1007 2401 3636
4141 3443
3095 2471 4071
11124 2514 1414
2032 4560 277
8024 206 1797
13260 2900 2996
11424 1641 4730
6023 2387
4018 1311 3761
4024 2714 2650
6245 3394 1011
4024 2587
7623 2426 1778
12112 4272 3556
4024 1910
6000 1524 3027
11361 3848 1150
6211 3536 1930
4020 3198
11099 979 3836
6229 4480 4014
10273 4632 1688 1101 3416
6241 3512 1485
13761 2338 740
4701 1523
6026 2934 3024
13371 1693 1043
13619 968 4248
6017 326 4445
3214 4134 136
13737 425 4783
0 43 1202
13629 3014 3133
13544 3123 3016
8029 2363 2138
11347 15 1786
8029 887 3463
11078 36 2842
13510 4906 1976
12151 457 3434
2221 3682 2638
11162 1436 1595
11560 4745 3549
4290 2245 2720
11478 2137 2149
40487 3205 2065 3834 1953 3077 4678 1802
11529 342 387
11352 648 3701
13365 759 1581
4501 4808 3191 940 2064
2162 1881 3264
6019 2330 2328
13680 3535 3343
6023 3344 90
13478 3736 4493
0 1371 2001
13617 2438 2728
8454 838 1419
13131 777 4540
6043 4503
4024 2854